0.478683 -0.87775 0.0204598 0.683951 0.877971 0.478688 -0.00496788 0.553054 -0.0054333 0.0203412 0.999778 0.788652
0.477971 -0.878206 0.0172412 1.11858 0.878371 0.477941 -0.00607211 1.42393 -0.00290769 0.0180464 0.999833 0.806605
0.476015 -0.879322 0.0142629 1.54833 0.879435 0.475985 -0.00568759 2.17892 -0.00178769 0.0152507 0.999882 0.788471
0.474383 -0.880218 0.0132693 1.96596 0.880315 0.474367 -0.00458031 2.95361 -0.00226284 0.013854 0.999901 0.784383
0.473583 -0.880652 0.0131049 2.38421 0.880743 0.473585 -0.00320071 3.75639 -0.00338755 0.0130578 0.999908 0.792043
0.472689 -0.881113 0.0143055 2.81119 0.881219 0.472702 -0.00272595 4.57729 -0.00436037 0.0138948 0.999893 0.788149
0.47161 -0.881693 0.0142002 3.23693 0.881795 0.471631 -0.00214857 5.41106 -0.00480284 0.0135349 0.999896 0.797621
0.470522 -0.882265 0.0147563 3.68374 0.88238 0.470526 -0.00350607 6.21689 -0.00384992 0.0146703 0.999884 0.796678
0.469293 -0.882904 0.0156861 4.11382 0.883036 0.469287 -0.00443976 7.05105 -0.00344138 0.015935 0.999866 0.817589
0.469258 -0.882915 0.0161281 4.56023 0.883047 0.469279 -0.00291859 7.90101 -0.00499167 0.0156115 0.999865 0.808562
0.468672 -0.883224 0.0162427 4.9808 0.883338 0.468741 0.000265727 8.70092 -0.00784823 0.0142232 0.999868 0.796076
0.469326 -0.882871 0.0165842 5.43241 0.882954 0.469449 0.00395531 9.55056 -0.0112774 0.0127867 0.999855 0.798515
0.470271 -0.882298 0.0199406 5.8914 0.882413 0.470454 0.00516805 10.3975 -0.0139408 0.0151655 0.999788 0.785397
0.472345 -0.881136 0.0222153 6.29793 0.881281 0.472566 0.00551594 11.1995 -0.0153584 0.0169725 0.999739 0.770996
0.473649 -0.880422 0.0227669 6.75881 0.880615 0.473832 0.00284671 12.0726 -0.0132938 0.0187005 0.999738 0.772798
0.474928 -0.879781 0.0208414 7.19037 0.879975 0.475027 -0.000476031 12.8876 -0.00948131 0.018566 0.999785 0.775754
0.476036 -0.879209 0.0196789 7.65438 0.879404 0.476072 -0.00336945 13.7539 -0.00640597 0.0189096 0.999803 0.776993
0.476526 -0.878997 0.0171399 8.13338 0.879137 0.476575 -0.00164106 14.6121 -0.00672582 0.0158502 0.999855 0.781431
0.476565 -0.878954 0.0182702 8.61072 0.879071 0.476692 0.00281349 15.4764 -0.011182 0.0147199 0.999833 0.764696
0.475878 -0.879173 0.0245769 9.05675 0.879399 0.476086 0.00289525 16.3466 -0.0142459 0.020235 0.999698 0.748468
0.475372 -0.879141 0.0338192 9.51388 0.879676 0.475578 -0.00228486 17.1845 -0.0140748 0.0308359 0.99943 0.743009
0.474224 -0.879667 0.0361604 9.98466 0.880333 0.474324 -0.00642235 18.0498 -0.011502 0.0348786 0.999331 0.750294
0.473045 -0.880404 0.0336017 10.467 0.881009 0.47302 -0.00929139 18.9321 -0.00771396 0.0339984 0.999398 0.759486
0.471052 -0.881587 0.030443 10.9409 0.882083 0.471031 -0.00843285 19.814 -0.00690516 0.0308254 0.999508 0.742749
0.469697 -0.882356 0.0291038 11.4237 0.882801 0.469709 -0.00694239 20.6887 -0.0075445 0.0289534 0.99956 0.758977
0.469464 -0.882442 0.0302343 11.8612 0.882902 0.469547 -0.00484801 21.5958 -0.00991817 0.0289696 0.99954 0.745455
0.468137 -0.883234 0.027577 12.327 0.883586 0.468281 -0.00151802 22.493 -0.0115728 0.025077 0.999628 0.750136
0.467017 -0.883729 0.0305486 12.8134 0.884152 0.467214 -0.00085601 23.4038 -0.0135161 0.027409 0.999544 0.739203
0.466751 -0.88389 0.0299859 13.279 0.884238 0.467043 0.00310027 24.289 -0.0167448 0.0250672 0.999558 0.744969
0.466376 -0.884151 0.028049 13.7481 0.884377 0.466733 0.00743304 25.1673 -0.0196631 0.0213389 0.999592 0.738958
0.466476 -0.884153 0.02629 14.1955 0.884321 0.466822 0.00855668 26.0681 -0.0198379 0.0192569 0.999632 0.733241
0.466343 -0.884239 0.025774 14.6687 0.884413 0.466662 0.00770233 26.9706 -0.0188382 0.0192025 0.999654 0.734925
0.466618 -0.884126 0.024635 15.1202 0.884322 0.46687 0.00528491 27.8426 -0.0161736 0.0193188 0.999699 0.719207
0.466094 -0.884455 0.022707 15.5842 0.884605 0.466327 0.00597432 28.7177 -0.0158726 0.0173016 0.999742 0.722464
0.464797 -0.885102 0.0240482 16.0397 0.885274 0.465055 0.00614779 29.6016 -0.0166248 0.0184312 0.99971 0.712124
0.464377 -0.88533 0.0237807 16.5162 0.885472 0.464657 0.00765664 30.4885 -0.0178282 0.017501 0.999707 0.692898
0.464032 -0.885395 0.027766 16.9361 0.885692 0.464291 0.00330785 31.3442 -0.0158199 0.0230565 0.999629 0.726425
0.463275 -0.88596 0.02174 17.3837 0.886156 0.463416 0.0016328 32.2359 -0.0115209 0.0185079 0.999784 0.712562
0.462684 -0.886297 0.0205888 17.8636 0.886489 0.462784 4.71891e-05 33.1372 -0.00956965 0.0182291 0.99981 0.704703
0.462659 -0.886262 0.022602 18.3068 0.886475 0.462809 0.00158941 33.9836 -0.0118687 0.0193 0.999766 0.681344
0.462739 -0.886178 0.0241945 18.7586 0.886368 0.462986 0.00552383 34.8447 -0.0160965 0.0188883 0.999715 0.690753
0.4624 -0.88635 0.0244037 19.2033 0.886531 0.462666 0.00634487 35.6849 -0.0169142 0.0186999 0.999706 0.690229
0.462302 -0.886309 0.0275473 19.6795 0.886598 0.462566 0.00376292 36.5973 -0.0160772 0.0226829 0.999638 0.700746
0.462017 -0.886412 0.0289992 20.1232 0.886773 0.462246 0.00137709 37.4573 -0.014625 0.0250784 0.999604 0.702687
0.46132 -0.886758 0.0295446 20.546 0.887117 0.461583 0.00246114 38.3094 -0.0158193 0.0250731 0.999587 0.698205
0.46049 -0.887089 0.0324348 20.9934 0.887496 0.460844 0.00403941 39.1512 -0.0185303 0.0269246 0.999492 0.678013
0.459692 -0.887332 0.0368177 21.4636 0.887801 0.460221 0.00701245 40.003 -0.0231662 0.0294621 0.999325 0.683833
0.458646 -0.887738 0.0399565 21.8942 0.888261 0.459304 0.00874803 40.9018 -0.0261176 0.0314784 0.999191 0.643121
0.457981 -0.888183 0.0376489 22.3016 0.888675 0.458532 0.00717244 41.6959 -0.0236332 0.0301717 0.999294 0.663407
0.456887 -0.888865 0.034757 22.7209 0.889381 0.457216 0.00181511 42.5048 -0.0175045 0.0300818 0.999424 0.661268
0.455748 -0.889606 0.0304855 23.1542 0.890058 0.455896 -0.00222372 43.3644 -0.0119196 0.0281461 0.999563 0.665951
0.455337 -0.889929 0.0270229 23.5107 0.890267 0.455493 -0.000281295 44.1445 -0.0120581 0.0241846 0.999666 0.638766
0.454437 -0.890479 0.0239184 23.9487 0.890699 0.454636 0.00353339 44.986 -0.0140202 0.0196973 0.999739 0.630266
0.453358 -0.891038 0.0236166 24.3563 0.891219 0.453594 0.00576814 45.7692 -0.0158515 0.0184314 0.999737 0.639143
0.452164 -0.891644 0.0236547 24.7363 0.891822 0.452406 0.00604106 46.5231 -0.0160875 0.0183631 0.999735 0.644924
0.451269 -0.892137 0.0221583 25.1033 0.892269 0.451507 0.00726887 47.3037 -0.016489 0.0164898 0.999762 0.632099
0.449345 -0.893148 0.0205179 25.5179 0.893238 0.449572 0.00832639 48.0934 -0.0166605 0.0145848 0.99979 0.639909
0.448199 -0.893726 0.0204939 25.871 0.893806 0.448433 0.00887007 48.8277 -0.017117 0.0143408 0.999786 0.633642
0.447066 -0.89429 0.0206895 26.2377 0.894365 0.44731 0.00936104 49.566 -0.0176256 0.0143177 0.999778 0.633009
0.446041 -0.894854 0.018344 26.5796 0.894818 0.446293 0.0136864 50.2658 -0.0204335 0.0103087 0.999775 0.633764
0.444764 -0.895433 0.0209835 26.934 0.895386 0.445094 0.0155345 51.009 -0.0232491 0.0118779 0.999697 0.59251
0.443733 -0.895955 0.0206334 27.2839 0.895829 0.444088 0.0186042 51.7177 -0.0258308 0.0102275 0.999653 0.587551
0.442286 -0.8967 0.0193003 27.5801 0.896635 0.442578 0.0155629 52.389 -0.0224964 0.0104209 0.999732 0.599901
0.441449 -0.897209 0.0142514 27.9282 0.897168 0.441609 0.0120567 53.0371 -0.0171104 0.00746231 0.999866 0.623671
0.440005 -0.897947 0.0124288 28.2168 0.89797 0.440096 0.00661873 53.6954 -0.0114128 0.00824721 0.999942 0.610016
0.439604 -0.898198 0.00768251 28.5503 0.898192 0.439645 0.00655345 54.3433 -0.00926359 0.00401832 0.999991 0.616067
0.439182 -0.89842 0.00588319 28.8328 0.898365 0.439214 0.010647 54.9512 -0.012149 0.000608251 0.999969 0.604917
0.437792 -0.899089 0.007371 29.1238 0.899003 0.437846 0.0130259 55.5587 -0.0149383 0.000922853 0.999932 0.614179
0.436917 -0.89946 0.0124364 29.3927 0.899486 0.437006 0.00626244 56.1272 -0.0110673 0.0084488 0.999948 0.623064
0.437233 -0.899273 0.0148198 29.6835 0.899371 0.437288 0.00110012 56.6831 -0.00746965 0.0128459 0.999935 0.633574
0.43828 -0.898752 0.015538 29.9468 0.898888 0.438266 -0.00403452 57.2368 -0.00318374 0.0157334 0.999918 0.644089
0.440971 -0.89747 0.0134526 30.1964 0.897575 0.440954 -0.00386884 57.7481 -0.00245989 0.0137791 0.99995 0.643506
0.444891 -0.89558 0.0101018 30.4578 0.895632 0.444905 -3.59989e-05 58.2795 -0.00446208 0.00906198 0.999998 0.6512
0.448593 -0.893727 0.0106182 30.7153 0.893767 0.448635 0.00277439 58.7782 -0.0072431 0.0082441 0.999989 0.637615
0.453462 -0.891184 0.0162042 30.9699 0.891263 0.453576 0.00470177 59.251 -0.0115396 0.0123084 0.999908 0.644238
0.460286 -0.887524 0.0232313 31.1959 0.887701 0.460503 0.00526199 59.7226 -0.0153677 0.0181984 0.999768 0.644702
0.469707 -0.882647 0.0203347 31.4481 0.882742 0.469914 0.00731799 60.1844 -0.0160142 0.0145111 0.99982 0.661097
0.482554 -0.875758 0.0171841 31.6911 0.875789 0.482728 0.0086656 60.6106 -0.0158836 0.0108663 0.999869 0.661256
0.49803 -0.867129 0.0126627 31.9444 0.86706 0.498159 0.0124269 61.0233 -0.0170831 0.00478892 0.999898 0.658777
0.516646 -0.856167 0.0128023 32.2076 0.856085 0.516777 0.0130179 61.4242 -0.0177607 0.00423281 0.99989 0.64581
0.539133 -0.842133 0.0160821 32.4248 0.842086 0.539315 0.0119009 61.8022 -0.0186946 0.00712478 0.999857 0.643429
0.5638 -0.825746 0.0196164 32.6581 0.825697 0.564061 0.0131008 62.1483 -0.0218817 0.00880932 0.99978 0.654765
0.590691 -0.806683 0.0214444 32.9428 0.806613 0.591002 0.0143383 62.5006 -0.024239 0.00882616 0.999726 0.64938
0.620597 -0.783873 0.0227017 33.1891 0.783792 0.62094 0.0147706 62.8395 -0.0256733 0.00862515 0.999693 0.647048
0.652894 -0.757185 0.0226915 33.4491 0.757065 0.653239 0.0156876 63.1785 -0.0266999 0.00693499 0.99968 0.634488
0.686958 -0.726371 0.0242751 33.7085 0.726251 0.687339 0.0155122 63.4606 -0.0279512 0.00697195 0.999646 0.634702
0.722562 -0.691014 0.0227823 33.9884 0.690844 0.722898 0.0163853 63.7558 -0.0277901 0.00389812 0.999668 0.623666
0.759492 -0.650254 0.0214129 34.2925 0.650088 0.759778 0.0154678 64.0132 -0.0263253 0.00217115 0.999714 0.638345
0.796259 -0.604704 0.0205545 34.5837 0.604545 0.796511 0.0145607 64.2518 -0.025175 0.000830659 0.999747 0.622617
0.831596 -0.555114 0.0203667 34.9318 0.55495 0.831833 0.0142003 64.4684 -0.0248225 -0.000507716 0.999757 0.616746
0.865356 -0.500899 0.0194539 35.2419 0.50074 0.86556 0.0134687 64.6403 -0.0235831 -0.00191511 0.999786 0.605068
0.896081 -0.443589 0.0196879 35.6282 0.44347 0.896284 0.0112153 64.8041 -0.0226189 -0.00132002 0.99981 0.600838
0.922857 -0.384802 0.0196263 35.9898 0.384678 0.92305 0.0108771 64.8924 -0.0222995 -0.00248937 0.999815 0.597767
0.945583 -0.324862 0.0214893 36.3515 0.324707 0.945808 0.0114089 64.9966 -0.0240287 -0.00381134 0.999772 0.613231
0.964389 -0.26367 0.0236547 36.7402 0.263446 0.964645 0.0130977 65.1224 -0.0262693 -0.00640037 0.999702 0.589066
0.979081 -0.202263 0.0248973 37.1262 0.202018 0.979355 0.0129845 65.1544 -0.0270068 -0.00768392 0.999674 0.571421
0.989596 -0.142166 0.024915 37.5037 0.141974 0.989875 0.0103318 65.1504 -0.0261288 -0.00668773 0.999705 0.561161
0.996232 -0.0839185 0.0247934 37.8971 0.0838225 0.99652 0.00599179 65.1572 -0.0252071 -0.00389176 0.999743 0.551572
0.999375 -0.0277906 0.0247853 38.3007 0.0276459 0.999648 0.00731378 65.1942 -0.024977 -0.00662458 0.999735 0.588547
0.999387 0.0278142 0.0243574 38.6827 -0.028056 0.999604 0.010868 65.1727 -0.0240426 -0.0115449 0.999714 0.590386
0.996694 0.0786552 0.02365 39.0835 -0.0789218 0.996866 0.0118888 65.1287 -0.022638 -0.0137161 0.99972 0.566469
0.991912 0.125587 0.022066 39.5003 -0.12572 0.992102 0.00621613 65.0576 -0.0211084 -0.00894023 0.999808 0.499276
0.985551 0.168363 0.0222398 39.8611 -0.168208 0.98578 -0.00736248 64.9628 -0.0231603 0.00351426 0.999796 0.47778
0.978504 0.205237 0.0237154 40.2672 -0.204979 0.978753 -0.0116705 64.8244 -0.0256036 0.00655738 0.999722 0.510543
0.970602 0.239902 0.0231967 40.6436 -0.239697 0.970852 -0.0100678 64.7568 -0.0249328 0.00421073 0.999751 0.55468
0.962316 0.271349 0.0219123 41.0181 -0.271398 0.962523 0.000694634 64.6811 -0.0208998 -0.00661564 0.999831 0.579416
0.954044 0.299255 0.0202617 41.4268 -0.29942 0.95415 0.00738194 64.5455 -0.017121 -0.0131093 0.99984 0.541128
0.945735 0.32466 0.0187035 41.7993 -0.324815 0.945802 0.00786282 64.4181 -0.0151346 -0.0135111 0.999867 0.530193
0.937463 0.348044 0.014143 42.159 -0.348076 0.937522 0.00213466 64.2917 -0.0125141 -0.00692418 0.999971 0.501244
0.929907 0.367971 0.00677527 42.5292 -0.367939 0.929907 -0.0016303 64.1367 -0.0068983 -0.000977424 1.00005 0.515608
0.92219 0.386966 0.00032506 42.8977 -0.386936 0.922166 -0.000773228 63.9836 -0.000597395 0.000586596 1.00007 0.512924
0.915185 0.403255 0.00161468 43.342 -0.403229 0.915151 0.00385346 63.7891 7.78233e-05 -0.00417809 1.00007 0.521704
0.908891 0.417215 0.00572314 43.7766 -0.417212 0.908862 0.00407372 63.5821 -0.00350004 -0.00609057 1.00005 0.504607
0.902439 0.430972 0.00732957 44.1811 -0.430966 0.90243 0.00154838 63.4114 -0.005945 -0.00455649 1.00005 0.504438
0.896603 0.442952 0.00923004 44.6166 -0.442948 0.896612 0.000500532 63.1969 -0.00805173 -0.00453759 1.00003 0.499744
0.89122 0.453706 0.0082749 45.0675 -0.453679 0.891229 -0.00226863 62.9555 -0.00840174 -0.00173292 1.00004 0.501124
0.886375 0.463139 0.00582726 45.5208 -0.463085 0.886362 -0.0058754 62.7295 -0.00788383 0.0025083 1.00004 0.502767
0.882877 0.469781 0.00546751 45.9685 -0.469726 0.88286 -0.00616521 62.4653 -0.00772097 0.00287384 1.00004 0.50211
0.879639 0.475827 0.00470371 46.4672 -0.475773 0.879615 -0.00658152 62.1834 -0.00726676 0.00355033 1.00004 0.502453
0.87737 0.480012 0.00338534 46.9567 -0.479959 0.877334 -0.00723424 61.9257 -0.00644028 0.00472101 1.00004 0.502866
0.874563 0.485112 0.00285136 47.4738 -0.485065 0.874526 -0.00694405 61.6114 -0.00585995 0.00468862 1.00004 0.493468
0.872221 0.489316 0.00246992 48.0056 -0.489264 0.872176 -0.00813502 61.3483 -0.00613245 0.00588565 1.00003 0.499398
0.870853 0.491748 0.00243464 48.5214 -0.491698 0.870807 -0.00824405 61.017 -0.00617171 0.00598077 1.00003 0.493343
0.869322 0.494445 0.0034095 49.0636 -0.4944 0.86929 -0.00692258 60.694 -0.00638425 0.00433098 1.00003 0.496403
0.868217 0.496392 0.00193926 49.6465 -0.496335 0.868156 -0.0101967 60.3883 -0.00674264 0.00788869 1.00001 0.482022
0.867685 0.497324 0.0014713 50.2338 -0.497261 0.867607 -0.0118138 60.0589 -0.0071492 0.00951704 0.999989 0.475713
0.867815 0.497097 0.00188338 50.8623 -0.497032 0.86774 -0.0118099 59.7295 -0.0075023 0.00931074 0.999987 0.477151
0.869233 0.494619 0.000527328 51.4655 -0.494546 0.869112 -0.0150407 59.3414 -0.007895 0.0128106 0.999944 0.475121
0.871166 0.491207 -0.000500817 52.114 -0.491136 0.871012 -0.0168422 58.9811 -0.00783408 0.0149156 0.999914 0.467945
0.873131 0.487707 -0.000970553 52.735 -0.487634 0.872952 -0.018218 58.5965 -0.00803503 0.016377 0.999889 0.466011
0.875261 0.483876 0.000290827 53.4304 -0.48379 0.875099 -0.017777 58.2501 -0.00885348 0.0154159 0.999896 0.441853
0.87711 0.480517 0.00104212 54.1265 -0.480413 0.876942 -0.0186495 57.8709 -0.00987226 0.015854 0.999879 0.432331
0.878937 0.477156 0.00362837 54.8309 -0.477031 0.878817 -0.0172461 57.5091 -0.0114145 0.0134247 0.999897 0.411345
0.880944 0.473416 0.00605304 55.5558 -0.473285 0.880874 -0.0155036 57.1894 -0.0126682 0.0107908 0.999913 0.411551
0.88297 0.469648 0.00413654 56.242 -0.469505 0.882837 -0.0185888 56.7867 -0.0123787 0.0144684 0.999869 0.40997
0.884652 0.46648 0.00357906 56.9726 -0.466395 0.884569 -0.0141422 56.4107 -0.00975999 0.0108394 0.999943 0.436281
0.885204 0.465439 0.00245229 57.7161 -0.465423 0.885173 -0.00624323 56.0189 -0.00507432 0.00438395 1.00003 0.43131
0.885417 0.465041 0.00128871 58.4035 -0.465041 0.88539 -0.00384296 55.623 -0.00292625 0.00280233 1.00004 0.439018
0.885857 0.464182 0.00467912 59.1712 -0.464203 0.885838 0.00163764 55.2649 -0.00338277 -0.00362272 1.00003 0.420121
0.885255 0.465325 0.00512872 59.8844 -0.465344 0.885242 0.000321497 54.9064 -0.00438834 -0.00267135 1.00003 0.445915
0.885134 0.465557 0.00512981 60.653 -0.465564 0.885125 -0.00233682 54.5537 -0.00562597 -0.000320421 1.00003 0.442736
0.885743 0.464362 0.00774088 61.3443 -0.464398 0.885741 0.0011995 54.176 -0.00629678 -0.00465711 1.00001 0.438537
0.8853 0.465209 0.00768701 62.1313 -0.465251 0.885294 0.00188005 53.7642 -0.00592805 -0.00524052 1.00001 0.444141
0.885848 0.46416 0.00800445 62.821 -0.464214 0.885837 0.00317992 53.4277 -0.00561207 -0.00653221 0.999999 0.444034
0.88515 0.465496 0.00776636 63.5563 -0.465556 0.885128 0.00447254 53.036 -0.00478981 -0.00757387 0.999994 0.463382
0.883944 0.467756 0.00927718 64.302 -0.467845 0.883905 0.00711791 52.6504 -0.00486818 -0.0106309 0.999965 0.461744
0.882294 0.470822 0.0111705 65.0256 -0.470939 0.882258 0.00777703 52.2899 -0.00619085 -0.0121207 0.999939 0.461275
0.879446 0.47605 0.0139101 65.7597 -0.476207 0.879425 0.00813029 51.8994 -0.00835912 -0.0137724 0.9999 0.469297
0.87712 0.480227 0.0169438 66.4758 -0.480442 0.87711 0.0092289 51.4593 -0.0104257 -0.016233 0.999842 0.459003
0.873273 0.487191 0.0169007 67.216 -0.487404 0.873265 0.0089797 51.0896 -0.0103801 -0.0160769 0.999843 0.475877
0.868943 0.494901 0.0160677 67.9382 -0.495103 0.868926 0.00890497 50.6632 -0.00955083 -0.0156908 0.999856 0.482301
0.863803 0.503849 0.0151348 68.6555 -0.504026 0.863796 0.00752137 50.2677 -0.00928007 -0.0141234 0.99988 0.49017
0.858671 0.512482 0.0171868 69.3528 -0.512706 0.858662 0.00886198 49.8714 -0.010212 -0.0164189 0.999834 0.492696
0.852963 0.521875 0.0187648 70.0278 -0.522138 0.852951 0.00985915 49.4838 -0.010856 -0.0182045 0.999795 0.502708
0.84682 0.531797 0.0184609 70.7387 -0.532035 0.846835 0.00792842 49.0208 -0.0114127 -0.0165334 0.999816 0.501671
0.840701 0.541438 0.0178962 71.4 -0.541671 0.840705 0.00812013 48.6046 -0.0106446 -0.0165181 0.999823 0.514965
0.835052 0.550127 0.0173643 72.0165 -0.550349 0.835056 0.00763831 48.1793 -0.0102938 -0.0159326 0.999835 0.499915
0.828947 0.55929 0.0171737 72.6808 -0.559522 0.828928 0.00885077 47.7278 -0.00928145 -0.0169434 0.999826 0.498588
0.823456 0.567369 0.0163218 73.3181 -0.567593 0.823418 0.00941079 47.2896 -0.00809635 -0.0170111 0.999834 0.509306
0.817648 0.575725 0.0157174 73.9265 -0.575935 0.817616 0.00869369 46.8846 -0.00784164 -0.0161584 0.999849 0.508285
0.81228 0.58325 0.0165768 74.5151 -0.58349 0.812221 0.010575 46.4597 -0.00729224 -0.0182595 0.999815 0.508274
0.806812 0.590809 0.0159596 75.1007 -0.591031 0.806767 0.00944585 46.0254 -0.00729099 -0.0170513 0.999835 0.52079
0.801097 0.598511 0.0168094 75.7004 -0.598753 0.801048 0.00994095 45.5505 -0.00751115 -0.0180257 0.999815 0.522162
0.796914 0.604095 0.0158719 76.3229 -0.6043 0.796905 0.00703113 45.1063 -0.00839636 -0.0151927 0.999854 0.53204
0.793463 0.608604 0.0164865 76.9169 -0.608804 0.793484 0.00536416 44.639 -0.0098121 -0.0142917 0.999853 0.543425
0.790872 0.611903 0.0187553 77.4879 -0.612132 0.790925 0.00475462 44.2233 -0.011919 -0.0152392 0.999815 0.538167
0.789409 0.613809 0.0180541 78.0421 -0.613982 0.789504 0.000980158 43.7783 -0.0136459 -0.0118578 0.999838 0.538329
0.787993 0.615583 0.0194497 78.6123 -0.615778 0.788105 0.00117963 43.3502 -0.0145957 -0.0129051 0.99981 0.533393
0.788322 0.61523 0.0171609 79.1123 -0.615358 0.788433 -0.0018515 42.9732 -0.0146628 -0.00910054 0.99985 0.540982
0.789207 0.614109 0.0166216 79.6461 -0.614245 0.789304 -0.00107179 42.5122 -0.0137713 -0.00936383 0.999858 0.542897
0.791038 0.611799 0.0146655 80.1545 -0.611912 0.791114 -0.00162164 42.1359 -0.0125881 -0.00769167 0.999886 0.550724
0.794361 0.607492 0.0140859 80.6664 -0.607603 0.794431 -0.0016224 41.7477 -0.0121699 -0.00727052 0.999893 0.546267
0.798164 0.602483 0.0142049 81.1306 -0.602619 0.798221 0.000310803 41.3896 -0.0111457 -0.0088085 0.999891 0.547029
0.805645 0.592417 0.0152164 81.6244 -0.592587 0.805694 0.00247321 41.0297 -0.010789 -0.0110093 0.999871 0.553989
0.813593 0.581493 0.0136188 82.0886 -0.581638 0.813638 0.00149458 40.7202 -0.0102062 -0.0091375 0.999894 0.563439
0.823396 0.56753 0.0134131 82.5351 -0.567696 0.823421 0.00371924 40.3867 -0.00892879 -0.010677 0.99989 0.557808
0.835286 0.549911 0.0120791 83.0022 -0.550083 0.835277 0.00611734 40.1369 -0.00672096 -0.0117539 0.999893 0.560472
0.848466 0.529378 0.0107184 83.4722 -0.529552 0.848414 0.00930351 39.8277 -0.00416498 -0.013569 0.999882 0.570345
0.862996 0.505374 0.00924509 83.9699 -0.505538 0.862916 0.0112955 39.5987 -0.00226626 -0.0144208 0.999874 0.58224
0.878909 0.477176 0.00840955 84.4692 -0.47733 0.878852 0.00992347 39.3447 -0.00265239 -0.0127357 0.999894 0.57555
0.896372 0.443476 0.00978638 84.9639 -0.443649 0.896335 0.0091308 39.1217 -0.00471889 -0.0125263 0.999887 0.560926
0.913994 0.405844 0.0123588 85.4531 -0.406046 0.913993 0.00822697 38.9596 -0.00795239 -0.0125378 0.999864 0.567134
0.931327 0.364195 0.015467 85.9752 -0.364446 0.931358 0.008802 38.7615 -0.0111942 -0.0138343 0.999814 0.55463
0.948196 0.317543 0.0183778 86.4853 -0.317828 0.948283 0.00844831 38.6366 -0.0147381 -0.0138516 0.999766 0.562363
0.963309 0.267902 0.0226217 87.0059 -0.268307 0.963431 0.0118083 38.5914 -0.0186235 -0.0174436 0.999643 0.546294
0.976871 0.213112 0.0235145 87.5004 -0.213534 0.977027 0.0121877 38.5186 -0.0203691 -0.0169262 0.999615 0.54057
0.988049 0.153659 0.0199275 88.0132 -0.15394 0.988214 0.00792145 38.5124 -0.0184685 -0.0108957 0.999734 0.56071
0.996076 0.0883693 0.0164815 88.5346 -0.0885865 0.996211 0.00655113 38.4761 -0.0158343 -0.00798782 0.999804 0.592157
0.999822 0.02154 0.0119255 88.9866 -0.0216977 0.999916 0.00479006 38.5068 -0.0118171 -0.00505135 0.999877 0.584174
0.998937 -0.048155 0.00756015 89.4804 0.0480106 0.99899 0.00613454 38.562 -0.00784533 -0.00576827 0.99991 0.571995
0.993212 -0.117327 0.00413321 89.9951 0.117195 0.993241 0.0077521 38.6889 -0.00501345 -0.00721787 0.999917 0.568579
0.982638 -0.186207 0.00215943 90.414 0.186094 0.982672 0.00666236 38.7913 -0.00336209 -0.00614799 0.999929 0.557368
0.967396 -0.253768 0.00171473 90.8623 0.253666 0.967447 0.00433307 38.9564 -0.0027585 -0.0037608 0.999941 0.545187
0.947691 -0.319554 0.00491409 91.3427 0.319439 0.947759 0.00525084 39.1232 -0.00633439 -0.0034105 0.999924 0.565146
0.9238 -0.383072 0.0104767 91.7511 0.382949 0.923925 0.00528819 39.3324 -0.011703 -0.000878088 0.99988 0.551557
0.896494 -0.443086 0.0153511 92.1251 0.442932 0.896695 0.00790226 39.5531 -0.0172626 -0.000289886 0.999798 0.569751
0.866501 -0.499036 0.0200517 92.5285 0.498814 0.866806 0.0118891 39.7837 -0.0233082 -0.000304757 0.999673 0.537262
0.835839 -0.548739 0.0228815 92.915 0.548421 0.836227 0.0162975 40.0712 -0.0280701 -0.00107797 0.999548 0.541313
0.807089 -0.590185 0.0235369 93.2411 0.589781 0.807508 0.0198708 40.3238 -0.0307258 -0.00215995 0.999466 0.536215
0.780158 -0.625403 0.0221394 93.6125 0.624863 0.780532 0.0248762 40.6159 -0.0328299 -0.00557606 0.999384 0.539193
0.75615 -0.654333 0.0188026 93.9238 0.653779 0.756426 0.0263197 40.9478 -0.031437 -0.00761081 0.999414 0.523391
0.734957 -0.67814 0.0152574 94.2282 0.677597 0.735134 0.0271711 41.2934 -0.0296352 -0.00963243 0.999449 0.470128
0.719814 -0.694116 0.0184662 94.557 0.693681 0.720122 0.0229222 41.6334 -0.029202 -0.00369321 0.9995 0.478737
0.707401 -0.706712 0.0203499 94.9372 0.706314 0.707773 0.0216876 41.9592 -0.0297233 -0.000972498 0.999489 0.46324
0.698056 -0.716016 0.0176712 95.2647 0.715573 0.698349 0.0235565 42.3338 -0.0292011 -0.00380179 0.999496 0.462503
0.69117 -0.722751 0.013771 95.5922 0.722209 0.691323 0.0278685 42.7134 -0.0296556 -0.00931734 0.999444 0.448894
0.686928 -0.72685 0.00982227 95.8934 0.726275 0.686936 0.0305005 43.0783 -0.0289103 -0.0138174 0.999412 0.43519
0.685018 -0.728709 0.00364598 96.2503 0.728201 0.684836 0.0317403 43.5099 -0.0256213 -0.0190852 0.999413 0.428592
0.68481 -0.728914 -0.000287749 96.6242 0.728484 0.684529 0.0318403 43.9124 -0.0230078 -0.0220107 0.999415 0.409127
0.686795 -0.727045 -0.0008258 96.977 0.72671 0.686582 0.0278733 44.3069 -0.0196951 -0.0197408 0.999531 0.388446
0.689316 -0.724656 -0.00105753 97.4252 0.724471 0.689246 0.0189246 44.7158 -0.0129843 -0.0138108 0.999738 0.378518
0.692346 -0.721752 -0.00404031 97.7957 0.721643 0.692287 0.0156708 45.1336 -0.00851437 -0.0137651 0.999785 0.401048
0.696427 -0.717785 -0.00784373 98.2113 0.717689 0.696234 0.0213115 45.5734 -0.0098364 -0.0204687 0.999656 0.392467
0.70075 -0.713553 -0.009022 98.6448 0.71342 0.700413 0.0268858 46.0536 -0.0128644 -0.0252725 0.99951 0.356451
0.703667 -0.710717 -0.00491422 99.0794 0.710443 0.703326 0.029524 46.5213 -0.0175242 -0.0242626 0.999463 0.350026
0.706501 -0.707919 -0.000526381 99.5258 0.70749 0.706183 0.0320643 46.9501 -0.0223227 -0.0230227 0.999394 0.335122
0.708681 -0.705731 0.00297622 99.98 0.705155 0.708384 0.0347986 47.3789 -0.0266605 -0.0225595 0.999297 0.312794
0.710527 -0.703817 0.00948209 100.453 0.703273 0.710505 0.0291725 47.8388 -0.0272626 -0.0140597 0.999434 0.305239
0.711373 -0.702957 0.00987856 100.941 0.70252 0.711414 0.0248028 48.3053 -0.0244575 -0.0107058 0.999546 0.281475
0.71144 -0.702887 0.0102166 101.393 0.702601 0.711544 0.0177155 48.7524 -0.0197178 -0.00542897 0.999692 0.281246
0.710661 -0.703745 0.00266051 101.888 0.70355 0.71066 0.0153685 49.2313 -0.0127051 -0.00905239 0.999777 0.279541
0.709005 -0.705418 -0.00134839 102.393 0.705273 0.708969 0.01438 49.7862 -0.0091881 -0.0111481 0.999792 0.274673
0.708013 -0.70641 -0.0030992 102.875 0.706226 0.707879 0.0201221 50.3075 -0.0120196 -0.0164351 0.999687 0.261088
0.706004 -0.708414 0.00429243 103.451 0.708047 0.705925 0.0243022 50.8404 -0.0202419 -0.0141188 0.999587 0.236843
0.703879 -0.710512 0.00628572 103.942 0.71 0.703771 0.0292696 51.3293 -0.0252139 -0.0161392 0.999442 0.226936
0.702452 -0.71192 0.0067123 104.443 0.711434 0.702377 0.0278695 51.8665 -0.0245494 -0.014802 0.999477 0.224358
0.700922 -0.713455 0.00271987 104.968 0.71305 0.700769 0.0269965 52.4502 -0.0211621 -0.0169826 0.999518 0.214355
0.698208 -0.716088 -0.00659611 105.51 0.715866 0.697883 0.0272193 53.0091 -0.0148859 -0.0237236 0.999492 0.214254
0.694683 -0.7195 -0.00755656 106.11 0.71933 0.694401 0.0248382 53.5802 -0.0126225 -0.0226878 0.999545 0.188206
0.692141 -0.721962 -0.0061601 106.664 0.721767 0.691892 0.0241013 54.1929 -0.0131365 -0.0211259 0.99957 0.182743
0.6893 -0.724695 -0.00331371 107.191 0.72445 0.689105 0.0234244 54.7604 -0.0146897 -0.0185464 0.999597 0.17196
0.688233 -0.725717 0.0013924 107.741 0.72538 0.688106 0.0239702 55.3763 -0.0183498 -0.0154877 0.999586 0.15319
0.687405 -0.726499 0.00270166 108.307 0.726133 0.687297 0.024366 55.9455 -0.0195542 -0.0147885 0.999572 0.126299
0.686974 -0.726878 0.0072179 108.876 0.726505 0.686986 0.0219099 56.5653 -0.0208793 -0.00981084 0.999604 0.12344
0.686708 -0.727138 0.00640533 109.45 0.726731 0.686682 0.0238205 57.1855 -0.0217137 -0.0117051 0.999564 0.0968467
0.686785 -0.727086 0.00368266 110.055 0.726698 0.686692 0.0245402 57.8029 -0.0203668 -0.014179 0.999557 0.0909588
0.687431 -0.726485 0.00153661 110.59 0.726144 0.687309 0.0235981 58.4297 -0.0181957 -0.0151072 0.999583 0.0967384
0.688054 -0.725887 -0.00415748 111.148 0.725584 0.687762 0.027328 59.0443 -0.016974 -0.0218178 0.999478 0.0893378
0.690044 -0.723967 -0.00783421 111.733 0.723677 0.689576 0.0317778 59.6558 -0.0175998 -0.0275932 0.999322 0.0783212
0.691521 -0.722534 -0.00977451 112.311 0.722227 0.690897 0.0358053 60.2632 -0.0191127 -0.0318134 0.999166 0.0462249
0.693769 -0.720346 -0.011823 112.922 0.720084 0.693063 0.0370784 60.9403 -0.0185106 -0.0342303 0.999095 0.0352603
0.69495 -0.719258 -0.00816264 113.515 0.718992 0.6945 0.0308218 61.5504 -0.0164961 -0.0272846 0.999341 0.049002
0.696491 -0.717805 -0.00362314 114.142 0.717504 0.696224 0.0262567 62.1857 -0.0163209 -0.0208862 0.999496 0.0376844
0.696669 -0.717642 0.0007827 114.757 0.717337 0.696556 0.0215677 62.7854 -0.0160194 -0.0144661 0.999611 0.0468054
0.697823 -0.716515 0.00298713 115.348 0.716205 0.697766 0.0199764 63.4507 -0.0163938 -0.0118038 0.999638 0.0670894
0.698856 -0.71551 0.00268176 115.967 0.71516 0.698759 0.0225316 64.0567 -0.0179908 -0.0138307 0.999581 0.053545
0.69978 -0.714609 0.00214391 116.555 0.714123 0.699556 0.0295525 64.651 -0.0226114 -0.0191491 0.999397 0.0292783
0.70032 -0.714067 0.00490579 117.148 0.713437 0.700094 0.0331473 65.2973 -0.027095 -0.0197134 0.999272 -0.0144978
0.701836 -0.712592 0.00200135 117.736 0.712094 0.701596 0.030073 65.8663 -0.022827 -0.0196809 0.999376 -0.00628298
0.701809 -0.712613 -0.00342974 118.341 0.712429 0.701718 0.0159878 66.4785 -0.00898588 -0.0136664 0.999694 -0.0251807
0.701661 -0.712743 -0.00589378 118.927 0.712628 0.701651 0.0080045 67.0876 -0.00157272 -0.00982093 0.999775 -0.014509
0.700664 -0.713747 -0.00131208 119.521 0.713552 0.700617 0.0139361 67.7204 -0.00902705 -0.0107048 0.999723 0.0101983
0.699941 -0.714362 0.0116744 120.155 0.713777 0.699988 0.0274142 68.3508 -0.0277462 -0.0108594 0.999374 -0.0117321
0.698717 -0.715275 0.0232948 120.756 0.7144 0.69911 0.0329739 68.9635 -0.0398559 -0.00640376 0.999 -0.0769929
0.698423 -0.715609 0.0218374 121.328 0.714777 0.698765 0.0320978 69.5819 -0.0382144 -0.006815 0.999059 -0.0598483
0.697968 -0.716354 0.00663086 121.848 0.715838 0.697892 0.0270042 70.143 -0.0239648 -0.014104 0.999422 -0.0553578
0.697139 -0.717192 -0.000591397 122.417 0.716892 0.697008 0.0212017 70.7794 -0.0147904 -0.0152065 0.999581 -0.0839571
0.695688 -0.718599 -0.00122384 123.002 0.718325 0.695567 0.019908 71.3283 -0.0134522 -0.0147312 0.999604 -0.0829431
0.693813 -0.72041 0.00134466 123.562 0.720085 0.693719 0.0207385 71.9421 -0.0158695 -0.0134234 0.999584 -0.0668914
0.690278 -0.723795 0.0020995 124.148 0.723495 0.690227 0.0184153 72.5167 -0.014775 -0.0111969 0.999625 -0.0731301
0.687216 -0.726706 0.000497311 124.736 0.726427 0.687148 0.0180562 73.1181 -0.0134609 -0.0120511 0.999631 -0.0663573
0.684295 -0.72943 -0.00636147 125.3 0.729181 0.684036 0.0241174 73.7509 -0.0132382 -0.0211415 0.99948 -0.0818589
0.682662 -0.730924 -0.00953009 125.823 0.730713 0.682305 0.0266023 74.3637 -0.0129397 -0.0251217 0.999389 -0.0872446
0.681888 -0.73166 -0.00843113 126.39 0.731389 0.681494 0.028693 75.0055 -0.0152445 -0.0257293 0.999338 -0.0752778
0.681024 -0.732485 -0.00642031 126.97 0.732128 0.680617 0.0305543 75.6382 -0.0180061 -0.0255064 0.999294 -0.0932855
0.679439 -0.73396 -0.00586555 127.511 0.733591 0.67905 0.0302824 76.1899 -0.0182382 -0.0248761 0.999303 -0.108572
0.677612 -0.735644 -0.00627009 128.033 0.735327 0.677282 0.0276106 76.78 -0.0160612 -0.0233189 0.999375 -0.115439
0.674317 -0.73868 -0.00443115 128.611 0.738409 0.67414 0.0215477 77.4041 -0.0129274 -0.017804 0.999531 -0.110149
0.670012 -0.742593 -0.00329485 129.15 0.74233 0.669892 0.0191281 78.0215 -0.0119954 -0.0152652 0.999582 -0.10438
0.664477 -0.747551 -0.00305775 129.677 0.747222 0.664292 0.0234076 78.5829 -0.0154636 -0.0178407 0.999488 -0.126604
0.659727 -0.751745 0.00361845 130.203 0.751215 0.659601 0.0278084 79.2007 -0.0232841 -0.015631 0.999371 -0.131642
0.657068 -0.754048 0.00687014 130.728 0.753281 0.656922 0.0344907 79.791 -0.0305096 -0.01749 0.999142 -0.167425
0.65391 -0.756781 0.00770231 131.237 0.755832 0.653702 0.0394694 80.4104 -0.0348913 -0.019989 0.998949 -0.163923
0.649885 -0.760256 0.00604953 131.782 0.759396 0.649663 0.0377094 81.0586 -0.0325867 -0.0199141 0.999025 -0.16793
0.645034 -0.764402 0.000834815 132.304 0.763846 0.644812 0.0303398 81.6872 -0.0237226 -0.0189344 0.999291 -0.168101
0.63975 -0.768826 -0.00258336 132.803 0.768462 0.639584 0.0236514 82.2875 -0.0165279 -0.0171191 0.999466 -0.209165
0.634462 -0.773195 -0.00341581 133.325 0.772812 0.634255 0.0253329 82.9326 -0.0174166 -0.0187146 0.999419 -0.199037
0.628797 -0.777797 -0.00572362 133.851 0.777371 0.628453 0.0299497 83.589 -0.0196925 -0.0232815 0.999278 -0.238031
0.622867 -0.782507 -0.0103863 134.351 0.782135 0.622356 0.0330467 84.2451 -0.0193902 -0.0287042 0.99914 -0.236971
0.615423 -0.788301 -0.0150128 134.818 0.788099 0.614904 0.0307432 84.9208 -0.0150008 -0.0307477 0.999153 -0.226242
0.608732 -0.793467 -0.0157361 135.333 0.793334 0.608329 0.0265792 85.577 -0.0115163 -0.0286609 0.999258 -0.247311
0.602076 -0.798546 -0.0149751 135.839 0.798365 0.601642 0.0280397 86.2442 -0.0133797 -0.028835 0.999227 -0.252911
0.59614 -0.803024 -0.0128588 136.315 0.802679 0.595571 0.0338365 86.92 -0.0195083 -0.0304893 0.999075 -0.27311
0.589696 -0.807769 -0.0129042 136.82 0.807242 0.588879 0.0414938 87.6264 -0.0259101 -0.0348799 0.998783 -0.274289
0.582779 -0.812788 -0.0120865 137.284 0.812177 0.581933 0.0431199 88.2937 -0.0280044 -0.0349402 0.998722 -0.300691
0.577855 -0.816316 -0.0107167 137.774 0.815586 0.576978 0.0452683 88.9929 -0.0307591 -0.0348936 0.998641 -0.328387
0.573954 -0.819068 -0.0105027 138.256 0.818342 0.573111 0.0446124 89.6562 -0.0305107 -0.0341955 0.99867 -0.342985
0.570195 -0.821615 -0.0153001 138.727 0.82111 0.569293 0.0425376 90.3622 -0.0262309 -0.0368118 0.998697 -0.306559
0.567412 -0.823338 -0.0238773 139.171 0.823227 0.566422 0.0398375 91.0458 -0.0192705 -0.0422519 0.998638 -0.333013
0.564711 -0.82511 -0.0266348 139.612 0.825158 0.563793 0.0370419 91.7335 -0.0155446 -0.0428869 0.998675 -0.373529
0.561946 -0.827027 -0.0257219 140.083 0.82692 0.560788 0.0428568 92.4125 -0.0210135 -0.045343 0.998464 -0.36898
0.559778 -0.828605 -0.0219938 140.548 0.828108 0.558336 0.0511204 93.1429 -0.030068 -0.0468186 0.998163 -0.413488
0.556981 -0.830535 -0.0201919 141.015 0.82973 0.555297 0.0574858 93.8368 -0.0365171 -0.0487608 0.997853 -0.425921
0.552552 -0.833584 -0.0158684 141.448 0.832725 0.551225 0.053175 94.5222 -0.0355649 -0.0425882 0.998169 -0.457698
0.548613 -0.836262 -0.0109018 141.89 0.835635 0.547939 0.0397554 95.1739 -0.0272631 -0.0309192 0.998858 -0.453632
0.54249 -0.840281 -0.00806322 142.338 0.839766 0.54211 0.0318016 95.8806 -0.0223445 -0.0240262 0.999168 -0.459573
0.536818 -0.843831 -0.0145474 142.766 0.8434 0.536187 0.035773 96.5903 -0.0223797 -0.0314717 0.99896 -0.475452
0.530936 -0.847545 -0.0146154 143.209 0.846932 0.530078 0.0426694 97.279 -0.0284069 -0.03503 0.998687 -0.51017
0.524278 -0.851763 -0.0085458 143.644 0.850928 0.523594 0.0432054 97.9582 -0.032314 -0.0299236 0.998733 -0.526225
0.518779 -0.855169 -0.000352492 144.094 0.854164 0.518417 0.0417169 98.6887 -0.0354782 -0.0219477 0.998832 -0.566313
0.513494 -0.858342 0.00468997 144.497 0.857297 0.513355 0.039999 99.3815 -0.0367255 -0.0165265 0.99889 -0.556366
0.508614 -0.861172 0.0120654 144.971 0.860431 0.508847 0.0286584 100.124 -0.0308077 -0.00420971 0.999217 -0.546974
0.502412 -0.86475 0.0156386 145.362 0.864345 0.502734 0.0158809 100.841 -0.0215888 0.00551777 0.999452 -0.558132
0.496947 -0.867971 0.0113399 145.805 0.867614 0.497172 0.0121599 101.551 -0.0161891 0.0037762 0.999561 -0.590421
0.491013 -0.871351 0.0107124 146.235 0.870868 0.491242 0.0187151 102.343 -0.0215636 0.000122159 0.999466 -0.602926
0.485903 -0.874184 0.0128526 146.645 0.873365 0.486174 0.0307672 103.098 -0.0331319 -0.00374033 0.999142 -0.639076
0.482288 -0.876182 0.0130926 147.069 0.875054 0.482525 0.0390414 103.864 -0.0405077 -0.00738577 0.99885 -0.681677
0.478664 -0.878126 0.0157235 147.461 0.877112 0.479028 0.0357762 104.579 -0.0389317 -0.00334918 0.998934 -0.686098
0.477261 -0.878957 0.0114391 147.848 0.878184 0.4775 0.0292486 105.331 -0.0311585 -0.00392898 0.999204 -0.656223
0.474872 -0.880326 -0.00100803 148.228 0.879752 0.474814 0.0255901 106.099 -0.0220422 -0.0130491 0.999369 -0.664889
0.47304 -0.88129 -0.00651386 148.6 0.880829 0.472899 0.0239033 106.84 -0.0179807 -0.0170528 0.999389 -0.674103
0.471019 -0.882391 0.00361435 149.017 0.881848 0.471102 0.0216836 107.609 -0.0208298 -0.00704002 0.999455 -0.739812
0.470682 -0.882548 0.00766822 149.399 0.88178 0.470813 0.0293201 108.341 -0.0294752 -0.0070528 0.999237 -0.757158
0.470724 -0.882513 0.00921567 149.812 0.881566 0.470866 0.0344354 109.124 -0.0347144 -0.00809887 0.999061 -0.783643
0.469211 -0.883329 0.0083324 150.192 0.882364 0.469318 0.0350859 109.89 -0.0348881 -0.00912348 0.999046 -0.784591
0.467281 -0.884375 0.00564039 150.599 0.883651 0.467368 0.0279544 110.641 -0.0273477 -0.00809208 0.99929 -0.789548
0.465769 -0.885163 0.00728564 150.981 0.884699 0.465947 0.0158693 111.35 -0.0174367 -0.000963684 0.999545 -0.791411
0.463921 -0.886091 0.0114833 151.416 0.885755 0.46414 0.00789466 112.133 -0.0123232 0.00648661 0.999601 -0.818943
0.462743 -0.886673 0.0140158 151.806 0.886326 0.463011 0.00974494 112.934 -0.0151263 0.00788995 0.999552 -0.817735
0.461343 -0.88742 0.0129591 152.185 0.886807 0.461647 0.022416 113.659 -0.0258649 0.00113144 0.999362 -0.853064
0.460316 -0.887899 0.0163997 152.58 0.887218 0.460722 0.0249896 114.442 -0.0297315 0.00302656 0.999251 -0.853819
0.459668 -0.888261 0.0150138 152.959 0.887644 0.460027 0.0225268 115.171 -0.0269056 0.00295159 0.999331 -0.864826
0.460144 -0.888071 0.0113235 153.326 0.887528 0.460406 0.0190538 115.942 -0.0221264 0.0012629 0.999452 -0.85809
0.459656 -0.88836 0.00832913 153.684 0.887821 0.459854 0.0187399 116.708 -0.0204708 -0.00123726 0.999487 -0.875472
0.458767 -0.888856 0.00268448 154.101 0.888233 0.458819 0.0238803 117.46 -0.0224494 -0.00858487 0.999408 -0.908723
0.458028 -0.889192 0.00963558 154.444 0.888496 0.458245 0.025077 118.236 -0.0267026 -0.00294207 0.999336 -0.889113
0.457947 -0.889264 0.00652028 154.831 0.88848 0.458059 0.0287688 118.965 -0.0285574 -0.00739616 0.999262 -0.916269
0.457283 -0.889611 0.00602473 155.225 0.888824 0.45738 0.0289426 119.721 -0.0284909 -0.00789454 0.99926 -0.924502
0.4567 -0.889906 0.00704721 155.579 0.889206 0.456848 0.0254041 120.448 -0.0258159 -0.00535175 0.999349 -0.905735
0.456053 -0.890267 0.000334148 155.954 0.889676 0.456066 0.0228465 121.168 -0.0204842 -0.0101353 0.999436 -0.944276
0.454808 -0.890901 -0.00308216 156.305 0.890308 0.454727 0.0248038 121.915 -0.0206882 -0.0140361 0.999385 -0.956718
0.453487 -0.891582 -0.000772889 156.686 0.890744 0.45334 0.0331378 122.685 -0.0291816 -0.0157261 0.999148 -0.984963
0.451694 -0.892485 0.00406457 157.049 0.891384 0.451623 0.038867 123.36 -0.0365062 -0.0139442 0.998933 -1.02975
0.450457 -0.893012 0.014023 157.393 0.891915 0.450784 0.0363507 124.004 -0.0387638 -0.00388461 0.998938 -1.05427
0.450358 -0.893103 0.0112659 157.707 0.892131 0.450597 0.0332302 124.656 -0.0347375 -0.00493178 0.999082 -0.998773
0.451015 -0.892801 0.00889073 158.038 0.891997 0.451201 0.0282535 125.307 -0.0292227 -0.00482932 0.99926 -1.03425
0.452186 -0.892244 0.00444804 158.362 0.891563 0.452275 0.0245431 126.004 -0.0238997 -0.00714807 0.999388 -1.01869
0.452932 -0.891864 0.00514218 158.704 0.891287 0.453063 0.0195267 126.661 -0.019737 -0.00427875 0.999496 -1.05651
0.455149 -0.890736 0.00541168 158.974 0.890228 0.455296 0.0155277 127.28 -0.016289 -0.00226876 0.999565 -1.04196
0.45885 -0.888845 0.00422223 159.318 0.88834 0.458976 0.0152787 127.871 -0.0155127 -0.00327834 0.999575 -1.03464
0.463948 -0.886184 0.00647716 159.621 0.885607 0.464099 0.018814 128.485 -0.0196703 -0.00301127 0.999504 -1.03363
0.469062 -0.883469 0.00892207 159.945 0.882651 0.469229 0.0281706 129.077 -0.0290599 -0.00535614 0.999266 -1.04794
0.474533 -0.880558 0.00750588 160.242 0.879586 0.474612 0.0333776 129.687 -0.0329361 -0.00925178 0.999118 -1.07106
0.479925 -0.877639 0.00688014 160.526 0.876696 0.479984 0.0325888 130.248 -0.0318868 -0.00962337 0.999149 -1.07109
0.486801 -0.873853 0.00594222 160.848 0.873147 0.486895 0.0242783 130.839 -0.0240968 -0.00664727 0.999392 -1.09797
0.492947 -0.870424 0.000430688 161.157 0.869894 0.492979 0.0172841 131.348 -0.0152501 -0.00816163 0.999556 -1.0881
0.499434 -0.866713 -0.00349866 161.447 0.866248 0.49943 0.0150257 131.932 -0.0112712 -0.0105498 0.999587 -1.08886
0.506028 -0.862875 -0.00488221 161.782 0.862392 0.505971 0.0177788 132.538 -0.012865 -0.0132202 0.999537 -1.09843
0.510611 -0.860187 0.000939101 162.142 0.859599 0.510613 0.0201487 133.083 -0.0178022 -0.00949659 0.999505 -1.08538
0.515852 -0.857021 0.00783068 162.5 0.856331 0.515974 0.022587 133.64 -0.0233853 -0.00496463 0.999423 -1.09764
0.52054 -0.854102 0.0142322 162.833 0.853456 0.520815 0.0201853 134.172 -0.0246389 0.00161626 0.999405 -1.11524
