0.478683 -0.87775 0.0204598 0.683951 0.877971 0.478688 -0.00496788 0.553054 -0.0054333 0.0203412 0.999778 0.788652
0.478492 -0.87791 0.0178457 1.01993 0.878085 0.478469 -0.00579101 1.17383 -0.00345463 0.018441 0.999824 0.79055
0.47766 -0.878419 0.0148115 1.39727 0.878544 0.477623 -0.00614938 1.88434 -0.00167257 0.0159498 0.999872 0.791183
0.476407 -0.879127 0.0130603 1.78552 0.879226 0.47637 -0.00595721 2.6231 -0.000984369 0.0143209 0.999897 0.789364
0.475068 -0.879857 0.0126398 2.20083 0.879949 0.475046 -0.00485168 3.40764 -0.00173571 0.0134272 0.999909 0.789528
0.473802 -0.880536 0.0128787 2.62553 0.880629 0.473794 -0.00375311 4.20835 -0.0027971 0.0131195 0.99991 0.788149
0.47265 -0.881146 0.013413 3.05676 0.881245 0.472655 -0.00285163 5.02734 -0.00382704 0.0131679 0.999907 0.794559
0.471465 -0.88177 0.01407 3.49382 0.881878 0.471474 -0.00276614 5.84949 -0.00419454 0.0137121 0.999898 0.798134
0.470329 -0.882363 0.0148628 3.93288 0.882486 0.470328 -0.00358588 6.67526 -0.00382635 0.0148026 0.999884 0.804112
0.469422 -0.882834 0.015468 4.37773 0.882969 0.469421 -0.0037552 7.50823 -0.00394583 0.0154204 0.999875 0.805686
0.469042 -0.883029 0.015802 4.82577 0.883164 0.469063 -0.00237463 8.34375 -0.00531529 0.0150694 0.999874 0.812423
0.469098 -0.882985 0.0165845 5.28099 0.883115 0.469162 0.000209971 9.18558 -0.0079663 0.0145474 0.999865 0.812991
0.469784 -0.882586 0.0182956 5.74481 0.882715 0.469905 0.00302551 10.0288 -0.0112676 0.0147282 0.999832 0.805713
0.471021 -0.881886 0.0201669 6.2054 0.882014 0.471201 0.00530996 10.8661 -0.0141856 0.0152862 0.999787 0.795981
0.472834 -0.880876 0.0218194 6.6565 0.881032 0.473036 0.00527994 11.7066 -0.0149725 0.0167268 0.999753 0.780317
0.474595 -0.879909 0.0226046 7.09946 0.88011 0.474771 0.00314022 12.5489 -0.0134952 0.0184039 0.999746 0.768202
0.476156 -0.879096 0.0213674 7.53569 0.879317 0.476252 -0.000388587 13.3928 -0.00983477 0.0189733 0.999779 0.772042
0.477537 -0.878388 0.0195758 7.97422 0.8786 0.477566 -0.00316447 14.2385 -0.00656921 0.0187101 0.999812 0.772758
0.478373 -0.877961 0.0183418 8.41887 0.878152 0.478389 -0.00339869 15.1006 -0.00579072 0.0177324 0.999836 0.772565
0.478501 -0.877855 0.0199861 8.86755 0.878072 0.478546 -0.0023852 15.9693 -0.00747058 0.0186901 0.999809 0.770395
0.477976 -0.877989 0.0258084 9.33678 0.87833 0.478075 -0.00224098 16.8399 -0.010371 0.0237388 0.999677 0.771746
0.476702 -0.878474 0.0321182 9.81572 0.878999 0.476841 -0.00343077 17.7078 -0.0123016 0.0298663 0.999492 0.764876
0.47481 -0.879312 0.0368412 10.2923 0.880032 0.474901 -0.00655867 18.5795 -0.0117289 0.0355343 0.999315 0.757805
0.472783 -0.880357 0.0379518 10.7607 0.881146 0.472794 -0.00904569 19.4536 -0.00998004 0.0377164 0.999256 0.745249
0.47115 -0.881331 0.0355631 11.2396 0.88204 0.471114 -0.00968075 20.3261 -0.00822244 0.035928 0.99934 0.736022
0.469939 -0.882107 0.0322044 11.7209 0.882692 0.46992 -0.00835288 21.2099 -0.0077655 0.0323509 0.999467 0.732877
0.46897 -0.882763 0.0280863 12.1907 0.883204 0.469005 -0.00539823 22.1055 -0.00840746 0.0273368 0.999613 0.741657
0.467954 -0.88337 0.0258872 12.6675 0.883729 0.468045 -0.00236641 23.0088 -0.0100262 0.023984 0.999686 0.753198
0.467334 -0.883697 0.0259493 13.1444 0.884022 0.467501 0.00091661 23.9084 -0.0129417 0.0225108 0.999688 0.762623
0.466994 -0.88384 0.0271969 13.6217 0.88415 0.467248 0.00401847 24.8162 -0.0162597 0.0221689 0.999649 0.760869
0.466908 -0.883853 0.0282783 14.0865 0.884146 0.467234 0.00645266 25.7119 -0.0189161 0.0219886 0.999608 0.750869
0.466891 -0.883844 0.0288731 14.5482 0.884124 0.467258 0.00784935 26.6057 -0.0204291 0.0218619 0.999583 0.738492
0.467178 -0.883708 0.0284081 15.0016 0.88399 0.467525 0.00739695 27.4904 -0.0198186 0.0216561 0.999602 0.715822
0.467237 -0.883733 0.0266434 15.4495 0.883998 0.46753 0.00643817 28.3713 -0.0181465 0.0205439 0.999659 0.700791
0.466616 -0.884091 0.0256911 15.9071 0.88436 0.466865 0.00522017 29.255 -0.0166097 0.0202838 0.999693 0.694699
0.465785 -0.884538 0.0253958 16.3748 0.88482 0.466008 0.00423608 30.1387 -0.0155819 0.0204969 0.999707 0.692611
0.46484 -0.885031 0.0255691 16.8384 0.885332 0.465048 0.00345219 31.0142 -0.0149464 0.0210316 0.999707 0.709387
0.464118 -0.885448 0.0242544 17.2983 0.88574 0.464282 0.00229541 31.8956 -0.0132936 0.020417 0.999745 0.720731
0.46368 -0.885745 0.0216934 17.7568 0.886005 0.463787 0.00106837 32.7747 -0.0110076 0.0187245 0.999807 0.719531
0.463463 -0.885896 0.0201392 18.2089 0.88614 0.463536 0.00015552 33.644 -0.00947322 0.0177736 0.999842 0.71101
0.463474 -0.885881 0.0205981 18.6537 0.886129 0.463563 0.000827329 34.5104 -0.0102816 0.0178686 0.999834 0.70249
0.463352 -0.885922 0.0216306 19.105 0.886176 0.463475 0.00221111 35.372 -0.0119844 0.0181434 0.999813 0.705273
0.463222 -0.885939 0.0236594 19.5561 0.886221 0.46339 0.00328674 36.2314 -0.0138757 0.0194441 0.999766 0.705562
0.463065 -0.885964 0.0257573 20.0043 0.886288 0.463266 0.00349005 37.085 -0.0150249 0.0212111 0.999715 0.713783
0.462751 -0.886073 0.0275964 20.4443 0.886446 0.462972 0.00314928 37.941 -0.0155672 0.0230039 0.99967 0.711382
0.462014 -0.886386 0.029859 20.8941 0.886818 0.462266 0.00301204 38.8005 -0.016473 0.025086 0.999607 0.707948
0.461046 -0.886775 0.0331274 21.3482 0.887277 0.461383 0.00410348 39.6532 -0.0189237 0.0274989 0.999503 0.703262
0.460042 -0.887164 0.0365487 21.7871 0.887722 0.460511 0.00629182 40.5126 -0.0224135 0.0295478 0.999375 0.691203
0.459162 -0.887552 0.0381915 22.2173 0.88813 0.459709 0.00769581 41.3707 -0.024388 0.0303824 0.999306 0.676786
0.458219 -0.888114 0.0364461 22.6446 0.888758 0.458559 0.00229836 42.1943 -0.0187543 0.0313354 0.9994 0.677064
0.457134 -0.888793 0.0334215 23.0622 0.889429 0.45726 -0.00297342 43.011 -0.0126397 0.0310821 0.999507 0.681349
0.456242 -0.889441 0.0279861 23.4692 0.889944 0.456247 -0.00508872 43.8228 -0.0082425 0.0272252 0.999668 0.676372
0.455269 -0.890075 0.0233252 23.8742 0.89044 0.455309 -0.00191611 44.6384 -0.00891486 0.0216404 0.999801 0.658554
0.454244 -0.890676 0.0202156 24.2792 0.890947 0.454325 0.00190276 45.4476 -0.0108795 0.0171459 0.999871 0.657013
0.453436 -0.891118 0.0189414 24.6726 0.891334 0.453549 0.00504008 46.2448 -0.0130826 0.0145973 0.999888 0.661804
0.452554 -0.891581 0.0183198 25.0589 0.891756 0.452691 0.0076022 47.0324 -0.0150717 0.0128961 0.999886 0.663973
0.451357 -0.892184 0.0186027 25.4441 0.892348 0.451512 0.00882711 47.8014 -0.0162754 0.0126157 0.999873 0.665553
0.450195 -0.892781 0.0182151 25.8225 0.892929 0.450352 0.00972754 48.555 -0.0168884 0.0118853 0.999875 0.664821
0.448887 -0.893439 0.0183212 26.1871 0.893588 0.449048 0.00997839 49.2994 -0.0171428 0.0118921 0.999873 0.660587
0.447587 -0.894093 0.0183404 26.545 0.894229 0.447757 0.0109795 50.0345 -0.0180294 0.011486 0.999865 0.660744
0.446316 -0.894732 0.0182741 26.8971 0.894834 0.446505 0.0130111 50.7547 -0.0198017 0.0105452 0.999845 0.647211
0.445209 -0.895279 0.0185613 27.2457 0.895344 0.445424 0.0151506 51.4601 -0.0218325 0.00987353 0.999812 0.636142
0.443983 -0.89589 0.0186196 27.5798 0.895934 0.444208 0.0162704 52.1544 -0.0228483 0.00945823 0.999797 0.622789
0.443005 -0.896453 0.0143985 27.9131 0.896543 0.443111 0.0125041 52.8098 -0.01759 0.00737003 0.999924 0.647044
0.441785 -0.897116 0.0100746 28.2269 0.897249 0.441797 0.00797842 53.453 -0.0116087 0.00551569 1.00003 0.661112
0.440791 -0.897644 0.00596748 28.5293 0.897796 0.440746 0.00421882 54.0902 -0.00641708 0.00349953 1.00009 0.667079
0.44047 -0.897816 0.00376169 28.8097 0.897952 0.440413 0.00637071 54.7119 -0.00737645 0.000574065 1.00009 0.663088
0.439787 -0.898152 0.00395203 29.0959 0.898274 0.439728 0.00864703 55.3288 -0.00950436 -0.000250311 1.00007 0.653383
0.438764 -0.898644 0.00593363 29.3828 0.898764 0.438723 0.00937012 55.9255 -0.0110239 0.00122367 1.00006 0.651128
0.438553 -0.898721 0.00929402 29.6778 0.898901 0.438526 0.00488918 56.4823 -0.00846981 0.0062106 1.00007 0.671969
0.438993 -0.898476 0.0120644 29.9615 0.898723 0.438931 -0.000887074 57.0233 -0.0044983 0.0112306 1.00006 0.689319
0.440648 -0.897661 0.0126044 30.2311 0.897931 0.440529 -0.00532305 57.5455 -0.000773966 0.0136612 1.00004 0.694781
0.445322 -0.895387 0.0101485 30.4616 0.895629 0.445215 -0.00391265 58.0479 -0.00101464 0.0108302 1.00008 0.684621
0.449735 -0.893187 0.00972955 30.696 0.893422 0.449656 -0.000707454 58.5459 -0.00374301 0.00900985 1.0001 0.682715
0.454373 -0.890823 0.0111566 30.946 0.891056 0.454329 0.0027622 59.0456 -0.00752966 0.00868521 1.00008 0.685955
0.460115 -0.887821 0.0148656 31.1992 0.888064 0.460132 0.00570126 59.5269 -0.0119024 0.0105767 1.00003 0.685632
0.469283 -0.882969 0.0172915 31.4515 0.88322 0.469348 0.0074344 59.9779 -0.0146808 0.0117811 0.999979 0.707846
0.482607 -0.875813 0.0145994 31.6871 0.876022 0.482638 0.00841883 60.3828 -0.0144203 0.0087252 1.00002 0.721991
0.496942 -0.86782 0.0109513 31.943 0.867973 0.496929 0.0107236 60.7864 -0.0147489 0.00417694 1.00005 0.723063
0.515999 -0.856651 0.0095074 32.2094 0.856766 0.515963 0.0129924 61.1852 -0.0160362 0.00144314 1.00004 0.711561
0.538475 -0.842679 0.0122926 32.4656 0.84281 0.538474 0.0124004 61.5912 -0.0170697 0.00368352 1.00002 0.708134
0.561664 -0.827376 0.0147241 32.7389 0.827517 0.561695 0.0122593 61.9727 -0.0184145 0.00529851 0.999998 0.711575
0.588741 -0.808315 0.0163033 33.0171 0.808435 0.588798 0.0135454 62.3201 -0.0205494 0.005205 0.999962 0.711927
0.617983 -0.786173 0.0175753 33.299 0.786261 0.618062 0.0149631 62.6456 -0.0226274 0.00457158 0.999926 0.712088
0.651215 -0.758885 0.0179252 33.5488 0.758936 0.65129 0.0160811 62.939 -0.0238794 0.0031321 0.999908 0.701795
0.684171 -0.72931 0.0188675 33.8157 0.729332 0.684253 0.0168303 63.2245 -0.0251859 0.00224645 0.999884 0.690949
0.720412 -0.693575 0.0183117 34.0842 0.693578 0.720459 0.0169123 63.5048 -0.0249239 0.000518113 0.999898 0.692439
0.75712 -0.653373 0.0169697 34.3779 0.653381 0.757111 0.016018 63.7597 -0.0233147 -0.00103782 0.999942 0.694751
0.794516 -0.607416 0.0156354 34.6908 0.607431 0.794456 0.0150915 63.9859 -0.0215893 -0.00249029 0.999984 0.693306
0.829678 -0.558498 0.0145059 35.013 0.558514 0.829574 0.0145272 64.1912 -0.0201479 -0.00394773 1.00002 0.691585
0.863607 -0.504508 0.013971 35.3336 0.504515 0.863471 0.0142966 64.3681 -0.0192769 -0.00529398 1.00003 0.670827
0.894603 -0.4473 0.0138687 35.6856 0.447313 0.89445 0.0131343 64.5177 -0.0182803 -0.00554208 1.00006 0.655246
0.921947 -0.387871 0.0140141 36.0515 0.38789 0.921784 0.0118646 64.6449 -0.0175201 -0.00549839 1.00008 0.651108
0.945039 -0.327612 0.0154333 36.4418 0.327605 0.944884 0.0118718 64.7403 -0.0184723 -0.00615886 1.00006 0.662849
0.964069 -0.266403 0.0174445 36.833 0.266352 0.96393 0.0124854 64.8125 -0.0201416 -0.00738548 1.00003 0.66787
0.978972 -0.204852 0.0196775 37.2193 0.204754 0.978857 0.0129199 64.8622 -0.0219083 -0.0086137 0.999987 0.661579
0.989649 -0.144701 0.0206127 37.5867 0.144598 0.989546 0.0117856 64.8987 -0.0221027 -0.00867759 0.999989 0.647325
0.996492 -0.0859743 0.020205 37.9693 0.0859298 0.996394 0.00814759 64.9159 -0.0208322 -0.00637861 1.00004 0.638187
0.999761 -0.0298911 0.0201251 38.3535 0.0298426 0.999656 0.00736126 64.9192 -0.0203377 -0.00675453 1.00006 0.657946
0.999907 0.0253005 0.0196579 38.7513 -0.025409 0.999764 0.00960178 64.8859 -0.0194099 -0.010094 1.00005 0.667822
0.997252 0.0773556 0.0190522 39.1373 -0.0775243 0.997053 0.0123524 64.8454 -0.0180403 -0.0137869 1.00004 0.650304
0.992603 0.123786 0.0170278 39.5213 -0.123882 0.992406 0.00877947 64.8026 -0.0158111 -0.0108169 1.00013 0.598961
0.986184 0.167455 0.0169513 39.903 -0.167378 0.986047 -0.00256484 64.7401 -0.0171423 -0.000307146 1.00017 0.584985
0.978911 0.205628 0.018744 40.2771 -0.205417 0.978792 -0.0101178 64.6548 -0.0204239 0.00605064 1.0001 0.61158
0.971039 0.240163 0.0178636 40.6446 -0.239994 0.970917 -0.00878117 64.5879 -0.01945 0.00423722 1.00014 0.650026
0.962671 0.27189 0.0163102 41.0208 -0.271864 0.962531 -0.00125229 64.5019 -0.0160375 -0.00322642 1.00021 0.671375
0.953519 0.302517 0.0149122 41.3828 -0.302605 0.953302 0.00700121 64.4205 -0.0120969 -0.011181 1.00022 0.664886
0.944576 0.329472 0.0132033 41.7478 -0.329584 0.944288 0.0111568 64.3732 -0.00879158 -0.0148801 1.00021 0.616663
0.935466 0.354604 0.0109894 42.1117 -0.354692 0.935149 0.012095 64.2991 -0.00598774 -0.0152018 1.00024 0.593083
0.928649 0.372262 0.00275479 42.5178 -0.37224 0.928389 0.00372662 64.1137 -0.00116949 -0.00448149 1.00037 0.616497
0.921666 0.38922 -0.00545813 42.9217 -0.389201 0.921429 -0.0010372 63.9011 0.00462636 0.00308103 1.00037 0.615119
0.914709 0.405321 -0.00530929 43.3498 -0.405279 0.914481 0.00352054 63.6694 0.00628218 -0.00106516 1.00038 0.612798
0.907868 0.42046 -0.00339008 43.7821 -0.420403 0.907622 0.00704425 63.4442 0.00603831 -0.00496439 1.00038 0.606766
0.901302 0.434389 0.000245146 44.2147 -0.434348 0.901032 0.0088746 63.2312 0.00363388 -0.00809791 1.00038 0.595167
0.895731 0.445771 0.00344668 44.65 -0.445756 0.895494 0.00402926 63.028 -0.00128902 -0.00514071 1.00042 0.613217
0.890351 0.456424 0.00521293 45.0837 -0.456399 0.890142 -0.00106427 62.8167 -0.00512311 -0.00142966 1.00043 0.630808
0.885253 0.466261 0.00465664 45.513 -0.466212 0.885043 -0.00538291 62.6015 -0.0066272 0.00259337 1.00043 0.63317
0.881357 0.473624 0.00190285 45.9742 -0.473582 0.881137 -0.00550437 62.3609 -0.00428004 0.00394857 1.00045 0.624411
0.878287 0.479317 0.000169096 46.4697 -0.479284 0.878069 -0.00489838 62.0954 -0.00249309 0.00421944 1.00047 0.621299
0.875666 0.484108 -0.00195887 46.9775 -0.484082 0.875441 -0.00626443 61.8294 -0.0013145 0.00643066 1.00047 0.625923
0.873224 0.488513 -0.0032944 47.4955 -0.488494 0.872995 -0.00729312 61.553 -0.000683426 0.00797355 1.00047 0.624323
0.870955 0.492559 -0.00424374 48.0104 -0.492547 0.870719 -0.00863179 61.2634 -0.000552944 0.00960261 1.00047 0.622263
0.8689 0.496193 -0.00459239 48.5305 -0.496183 0.868662 -0.00941431 60.9602 -0.000678215 0.0104524 1.00047 0.621275
0.867166 0.499236 -0.0048052 49.0706 -0.499226 0.866925 -0.0101006 60.6472 -0.000872717 0.0111507 1.00047 0.613657
0.865853 0.501529 -0.00515535 49.6266 -0.50152 0.865603 -0.0112283 60.328 -0.00116431 0.0122994 1.00047 0.613847
0.865602 0.501958 -0.0072214 50.216 -0.501972 0.865293 -0.0153952 59.9836 -0.00147384 0.0169394 1.00042 0.623622
0.865605 0.501947 -0.00897354 50.8183 -0.501986 0.86523 -0.0190259 59.637 -0.00177977 0.0209587 1.00035 0.623984
0.866544 0.50034 -0.00934806 51.4508 -0.500381 0.866137 -0.0206789 59.2742 -0.00224321 0.0225804 1.00033 0.629751
0.867872 0.498053 -0.00949431 52.0936 -0.498094 0.86745 -0.0215459 58.9068 -0.00248826 0.0234108 1.00032 0.634504
0.869693 0.494886 -0.00971087 52.7542 -0.494929 0.869255 -0.0224267 58.5353 -0.00265025 0.0242921 1.00031 0.636824
0.872294 0.490334 -0.00852085 53.4222 -0.490347 0.871864 -0.0224278 58.1712 -0.00356033 0.0237232 1.00033 0.625462
0.874723 0.486035 -0.00714037 54.1029 -0.486014 0.874302 -0.0224915 57.7989 -0.0046804 0.0231255 1.00035 0.615088
0.877056 0.481861 -0.00529698 54.7909 -0.481798 0.876658 -0.0221298 57.4228 -0.00601067 0.0219428 1.00039 0.60431
0.879156 0.478058 -0.00379841 55.4874 -0.477962 0.878775 -0.0220153 57.0518 -0.0071767 0.0211521 1.00041 0.594918
0.881077 0.47454 -0.00293514 56.1978 -0.474426 0.880711 -0.021785 56.6752 -0.00774242 0.0205684 1.00043 0.606872
0.882825 0.471308 -0.00291206 56.9122 -0.471209 0.88251 -0.0193585 56.2988 -0.00654424 0.0184454 1.00049 0.631087
0.884183 0.468768 -0.00438991 57.6287 -0.468713 0.883942 -0.0148734 55.9177 -0.00308442 0.015194 1.00058 0.646116
0.884827 0.467555 -0.00638279 58.3489 -0.46753 0.884659 -0.00955744 55.5199 0.0011823 0.0114296 1.00064 0.647756
0.88505 0.467141 -0.0075645 59.0807 -0.467113 0.884932 -0.00519839 55.1287 0.0042677 0.00812576 1.00068 0.640895
0.884978 0.467309 -0.00720958 59.8274 -0.467266 0.884879 -0.00291774 54.7459 0.00501741 0.00594401 1.0007 0.632
0.884701 0.467875 -0.00603574 60.5675 -0.467822 0.884603 -0.00259518 54.3682 0.00412685 0.00511309 1.00073 0.633594
0.884435 0.468423 -0.00441921 61.3144 -0.468363 0.884329 -0.00393029 53.9982 0.00207037 0.00553863 1.00074 0.645627
0.884124 0.469049 -0.0022361 62.0607 -0.468976 0.884018 -0.00439387 53.63 -7.92599e-05 0.00492625 1.00076 0.673015
0.884011 0.469294 -0.00040791 62.7988 -0.469212 0.883914 -0.00353135 53.2513 -0.00129094 0.00330705 1.00078 0.689123
0.883798 0.469719 0.000714015 63.5217 -0.469635 0.883712 -0.00136825 52.8863 -0.00126812 0.00086974 1.0008 0.70794
0.883315 0.470651 0.00150454 64.2442 -0.470567 0.883234 0.00134918 52.5234 -0.000688968 -0.00190161 1.00081 0.713724
0.882313 0.472548 0.00241766 64.9564 -0.472467 0.88223 0.00348792 52.1457 -0.000480142 -0.00421963 1.00082 0.717228
0.880736 0.475495 0.00418344 65.6836 -0.475422 0.88065 0.00506397 51.7616 -0.00127118 -0.00644705 1.00082 0.719505
0.877899 0.480708 0.00672716 66.436 -0.480654 0.877818 0.00577346 51.3487 -0.00312334 -0.00829869 1.00081 0.735776
0.873906 0.487934 0.00815084 67.1654 -0.487892 0.87383 0.0060716 50.9464 -0.00415246 -0.0092787 1.00081 0.739725
0.869508 0.495739 0.00891635 67.8879 -0.495703 0.869441 0.00597804 50.5422 -0.00478058 -0.0096135 1.00082 0.749054
0.864671 0.50416 0.0086404 68.6058 -0.504119 0.864604 0.00611687 50.1269 -0.00437873 -0.00964043 1.00084 0.758159
0.859435 0.513079 0.00737673 69.2973 -0.51302 0.859378 0.00476119 49.7145 -0.00388871 -0.00787339 1.00087 0.76223
0.853772 0.52247 0.00762963 69.9734 -0.52241 0.853722 0.00436236 49.3107 -0.00422608 -0.00770746 1.00088 0.763674
0.847682 0.532305 0.00845408 70.6479 -0.53225 0.847641 0.0042096 48.896 -0.00491617 -0.008065 1.00089 0.769635
0.841464 0.542105 0.00850698 71.3141 -0.542043 0.841434 0.00330346 48.4673 -0.00535751 -0.00738846 1.00091 0.787562
0.835184 0.551756 0.00851843 71.9709 -0.55169 0.835161 0.00269109 48.0393 -0.00561923 -0.00694506 1.00092 0.801792
0.828972 0.561076 0.00815383 72.6201 -0.561006 0.82895 0.00287868 47.6072 -0.00513407 -0.00695857 1.00094 0.808189
0.822901 0.569972 0.00773171 73.2582 -0.569902 0.822876 0.00364959 47.1685 -0.00427293 -0.0074069 1.00095 0.80638
0.816941 0.578511 0.00731935 73.8873 -0.578439 0.816911 0.0045136 46.7266 -0.00335981 -0.00791785 1.00097 0.806436
0.811235 0.586511 0.00728063 74.5038 -0.586441 0.811199 0.00561829 46.289 -0.00260331 -0.00882311 1.00098 0.802845
0.80585 0.593915 0.00700703 75.1073 -0.593841 0.805816 0.0056169 45.8535 -0.00230306 -0.00868318 1.00099 0.806845
0.800634 0.600949 0.00716078 75.6936 -0.600874 0.80061 0.00507823 45.4098 -0.0026733 -0.00836455 1.00101 0.819184
0.795672 0.607525 0.00746231 76.2788 -0.607446 0.795662 0.00382873 44.9563 -0.00360223 -0.0075762 1.00103 0.828742
0.7912 0.613356 0.00782638 76.8652 -0.613272 0.791208 0.0020396 44.5008 -0.00493031 -0.00641152 1.00104 0.841651
0.789087 0.616088 0.00833993 77.4646 -0.615986 0.789119 -0.00112124 44.0475 -0.00725792 -0.004253 1.00106 0.832485
0.78747 0.618173 0.00851338 78.0581 -0.618037 0.787519 -0.00509094 43.5965 -0.00983396 -0.00125641 1.00106 0.831452
0.786262 0.61973 0.00866008 78.628 -0.619565 0.786318 -0.00766161 43.1574 -0.0115377 0.000652572 1.00106 0.836761
0.78568 0.620496 0.00821554 79.1773 -0.620318 0.785734 -0.0087567 42.7291 -0.0118679 0.00177644 1.00107 0.846404
0.786435 0.619583 0.00641912 79.685 -0.619408 0.786474 -0.00875484 42.3178 -0.0104534 0.0029006 1.00109 0.858658
0.788299 0.61724 0.00565886 80.1872 -0.617087 0.78834 -0.00654859 41.9144 -0.00848605 0.00166317 1.00113 0.85931
0.790816 0.614037 0.00536339 80.686 -0.613898 0.790861 -0.00463227 41.5337 -0.00707066 0.000365054 1.00116 0.860932
0.79579 0.607599 0.00534011 81.1724 -0.607463 0.795841 -0.00404007 41.1769 -0.00668954 -3.41237e-05 1.00118 0.860431
0.802442 0.598805 0.00572416 81.6604 -0.598674 0.802501 -0.00329904 40.8241 -0.00655408 -0.000784093 1.00119 0.866388
0.809658 0.589034 0.00580154 82.1412 -0.588904 0.809724 -0.00302432 40.4861 -0.00646396 -0.000972197 1.00121 0.87529
0.819671 0.575054 0.00460071 82.5975 -0.574929 0.819734 -0.0016968 40.1769 -0.0047342 -0.00125818 1.00124 0.873779
0.831141 0.558379 0.00324179 83.0545 -0.558262 0.831202 0.000870201 39.902 -0.0021992 -0.00253535 1.00126 0.881438
0.844384 0.538175 0.00172951 83.4968 -0.538055 0.844441 0.00352131 39.61 0.000440389 -0.00390449 1.00128 0.905554
0.859203 0.51421 0.000807516 83.9881 -0.514085 0.85926 0.00565501 39.3661 0.00221722 -0.0052728 1.00129 0.916052
0.875267 0.486387 0.000557717 84.4889 -0.486262 0.87533 0.0060795 39.156 0.00247167 -0.00559083 1.0013 0.907616
0.892299 0.45441 0.00128904 84.9766 -0.454293 0.892375 0.00479842 38.9551 0.00103519 -0.00486663 1.00133 0.904664
0.910838 0.416014 0.00394448 85.4818 -0.415913 0.910929 0.00378875 38.7794 -0.00200734 -0.00509082 1.00134 0.898591
0.928645 0.374544 0.00806322 86.0081 -0.374476 0.928756 0.00481115 38.5914 -0.00567166 -0.00748392 1.00133 0.898679
0.945364 0.329987 0.012058 86.5301 -0.329963 0.945508 0.00581856 38.4488 -0.00945995 -0.00947366 1.00131 0.904615
0.96124 0.280286 0.0151088 87.0463 -0.280314 0.961415 0.00745449 38.3841 -0.0124108 -0.0113927 1.00127 0.913413
0.975688 0.224906 0.0155696 87.5362 -0.224943 0.975884 0.00769141 38.3281 -0.0134367 -0.0109991 1.00128 0.893443
0.987483 0.165842 0.0136391 88.0375 -0.165833 0.987692 0.00531256 38.3033 -0.0125635 -0.00750466 1.00135 0.901597
0.996226 0.101358 0.00975011 88.5467 -0.101312 0.996415 0.00384286 38.2957 -0.00930381 -0.0048162 1.00142 0.919769
1.00083 0.0342353 0.00525992 89.0303 -0.0341652 1.001 0.00173169 38.3259 -0.00519048 -0.00191643 1.00148 0.939459
1.00086 -0.0340199 0.000580604 89.5034 0.034091 1.00103 0.000792003 38.3824 -0.000600251 -0.000777724 1.00151 0.949496
0.995927 -0.105046 -0.00309986 89.9891 0.10512 0.9961 0.00379182 38.4595 0.00269148 -0.00410234 1.00152 0.935237
0.98602 -0.175146 -0.00602971 90.4621 0.175228 0.986205 0.00473945 38.5647 0.00511408 -0.00572743 1.00153 0.924407
0.97135 -0.243743 -0.00730491 90.9212 0.243814 0.971554 0.0031545 38.6965 0.0063237 -0.00484393 1.00154 0.911248
0.952271 -0.310111 -0.0060353 91.3714 0.310155 0.952479 0.000881029 38.8604 0.00547231 -0.00271273 1.00158 0.914443
0.929621 -0.372655 0.00156978 91.7896 0.372678 0.929818 0.000957382 39.076 -0.00180625 -0.000311043 1.00161 0.920341
0.90293 -0.433318 0.00840757 92.1816 0.433325 0.903166 0.00275237 39.3156 -0.00876321 0.00114905 1.0016 0.926272
0.873431 -0.490017 0.0130296 92.5758 0.489976 0.873727 0.00668602 39.5569 -0.0146269 0.000535656 1.00155 0.922597
0.843454 -0.539955 0.015989 92.9562 0.539815 0.843802 0.0122618 39.7995 -0.0200686 -0.00171719 1.00147 0.916797
0.814332 -0.582994 0.0159765 93.3331 0.582778 0.814679 0.0158888 40.0675 -0.0222308 -0.00363136 1.00144 0.939404
0.787467 -0.618863 0.0151774 93.7033 0.61852 0.787774 0.021477 40.3429 -0.0251941 -0.00752257 1.00137 0.958335
0.763807 -0.647954 0.011511 94.017 0.64761 0.764024 0.0227448 40.6584 -0.0234818 -0.00991157 1.00142 0.952805
0.742267 -0.672617 0.0074867 94.326 0.672297 0.742395 0.0234472 41.0018 -0.0212826 -0.0123602 1.00146 0.887528
0.726738 -0.689384 0.00902213 94.6702 0.689115 0.726936 0.0201157 41.3022 -0.0203804 -0.00839709 1.00154 0.877578
0.713938 -0.70263 0.0114275 95.0173 0.702374 0.714199 0.0187195 41.5874 -0.0212663 -0.00533876 1.00157 0.896192
0.705141 -0.711495 0.0111751 95.3473 0.711211 0.70539 0.0201065 41.9578 -0.0221384 -0.00622921 1.00157 0.920457
0.697837 -0.718716 0.00944922 95.6842 0.718395 0.698032 0.0224145 42.334 -0.0226543 -0.00884808 1.00156 0.914128
0.693393 -0.723078 0.00531109 96.0428 0.722728 0.693456 0.0258813 42.7217 -0.0223468 -0.0140929 1.00153 0.900278
0.691593 -0.724842 -0.00311297 96.3984 0.724593 0.691438 0.0284375 43.12 -0.0184184 -0.0218939 1.00149 0.880568
0.691895 -0.724553 -0.00720353 96.7682 0.72442 0.691698 0.0272941 43.5543 -0.014759 -0.0240695 1.00152 0.858644
0.693636 -0.722896 -0.00895146 97.1577 0.722853 0.693494 0.0238851 43.9722 -0.0110316 -0.0230056 1.00162 0.834807
0.696604 -0.720059 -0.00941096 97.5498 0.720088 0.6966 0.0169966 44.391 -0.00566644 -0.0185912 1.00177 0.828516
0.700047 -0.716713 -0.0113538 97.9379 0.716797 0.700125 0.0118498 44.8072 -0.000537861 -0.0164115 1.00185 0.82994
0.703643 -0.713138 -0.0152391 98.3323 0.713297 0.703725 0.0117629 45.2347 0.002335 -0.0191188 1.00182 0.835506
0.707672 -0.709093 -0.0184714 98.7708 0.709332 0.707495 0.0224343 45.6877 -0.00283039 -0.028932 1.00161 0.814506
0.711221 -0.705593 -0.0172471 99.2184 0.705767 0.710854 0.0287923 46.1353 -0.00803546 -0.0325967 1.00149 0.811812
0.714516 -0.702387 -0.0124551 99.6633 0.702374 0.714081 0.0324981 46.5747 -0.0138993 -0.0319166 1.00147 0.809391
0.716941 -0.700036 -0.0048396 100.133 0.699809 0.716632 0.0323798 47.0092 -0.0191533 -0.02656 1.00156 0.795595
0.719191 -0.697762 0.00356796 100.602 0.697427 0.719134 0.028841 47.4456 -0.0226354 -0.0182294 1.0017 0.790682
0.719722 -0.697193 0.00935932 101.073 0.696976 0.719902 0.0200589 47.9148 -0.0206707 -0.00790973 1.0019 0.812032
0.719086 -0.697935 0.00336531 101.551 0.69786 0.719208 0.0146706 48.3911 -0.0126253 -0.00819523 1.00206 0.807695
0.71841 -0.698647 -0.00572684 102.046 0.69869 0.718471 0.0128336 48.8847 -0.00483576 -0.0132038 1.00209 0.787436
0.717009 -0.700018 -0.0129946 102.55 0.700178 0.717069 0.0119082 49.3867 0.000983901 -0.0176091 1.00206 0.775845
0.715114 -0.701988 -0.0129204 103.059 0.702144 0.715063 0.0174677 49.9138 -0.00301269 -0.0215275 1.00201 0.768315
0.7135 -0.703747 -0.00671087 103.582 0.703747 0.713396 0.0219382 50.4104 -0.010623 -0.0203431 1.002 0.775795
0.711937 -0.705393 -0.000333475 104.107 0.705213 0.711842 0.0260269 50.916 -0.0180754 -0.0187364 1.00195 0.774223
0.710383 -0.706983 0.00290665 104.623 0.706773 0.710368 0.0249047 51.4352 -0.0196211 -0.0156162 1.002 0.798826
0.709368 -0.708036 -0.00222102 105.152 0.707941 0.709286 0.0235123 51.9946 -0.0150324 -0.018223 1.00206 0.79468
0.707087 -0.710295 -0.00882027 105.671 0.710346 0.706937 0.0227564 52.5558 -0.00990134 -0.0223174 1.00207 0.781959
0.704304 -0.713 -0.0141841 106.2 0.713194 0.704155 0.020901 53.1327 -0.00490007 -0.024791 1.00207 0.754623
0.701 -0.716247 -0.0157712 106.78 0.716484 0.700838 0.0210007 53.6929 -0.00397655 -0.0259722 1.00207 0.725808
0.698298 -0.718993 -0.0115123 107.368 0.719133 0.698164 0.0206689 54.3103 -0.0068037 -0.0226707 1.00216 0.733854
0.696144 -0.721165 -0.00727148 107.954 0.721216 0.696035 0.0210503 54.913 -0.0100912 -0.019864 1.00221 0.745866
0.695068 -0.722251 -0.00521922 108.53 0.722246 0.694943 0.0228884 55.4933 -0.0128686 -0.0196447 1.00221 0.732214
0.694581 -0.722765 -0.00265816 109.111 0.722711 0.694481 0.0233134 56.0655 -0.0149629 -0.0180842 1.00224 0.728625
0.69449 -0.722889 0.000459915 109.687 0.722799 0.694446 0.022683 56.6484 -0.0166705 -0.0153974 1.00228 0.718895
0.694949 -0.722479 0.000363457 110.251 0.722423 0.694925 0.0210169 57.2562 -0.0153935 -0.0143221 1.00234 0.725568
0.69561 -0.721855 -0.00536965 110.823 0.721877 0.695473 0.0227315 57.8774 -0.0126388 -0.019653 1.00231 0.72143
0.696315 -0.721137 -0.0113686 111.395 0.721277 0.696061 0.0247872 58.4973 -0.00993389 -0.0254083 1.00224 0.725861
0.697808 -0.719624 -0.0164974 111.991 0.719876 0.697378 0.0290988 59.1339 -0.00940985 -0.0321118 1.00207 0.707986
0.700011 -0.717486 -0.0176645 112.584 0.717749 0.699446 0.0326284 59.771 -0.0110257 -0.03544 1.00197 0.707988
0.702076 -0.715491 -0.0179208 113.184 0.715752 0.701442 0.0343481 60.3986 -0.0119737 -0.0368584 1.00193 0.710097
0.703723 -0.713902 -0.0179392 113.783 0.714189 0.703142 0.0327625 61.0229 -0.0107467 -0.0357863 1.00201 0.70337
0.70511 -0.712602 -0.0163868 114.383 0.712875 0.70465 0.029568 61.6491 -0.00949708 -0.0324573 1.00216 0.693346
0.705469 -0.71234 -0.0134217 115.009 0.71257 0.705161 0.0252199 62.2651 -0.00847628 -0.0272962 1.00234 0.689927
0.705896 -0.711987 -0.0112269 115.638 0.712189 0.705669 0.0225784 62.8915 -0.00812887 -0.0238832 1.00246 0.69732
0.706595 -0.711342 -0.0101296 116.269 0.711523 0.70637 0.022734 63.5163 -0.00898967 -0.0232222 1.00249 0.69202
0.707488 -0.710497 -0.00935182 116.898 0.71059 0.707102 0.0292558 64.112 -0.0141332 -0.0272832 1.00235 0.670417
0.708233 -0.709803 -0.00817402 117.515 0.709752 0.707662 0.036102 64.7286 -0.0197854 -0.0312986 1.00216 0.651053
0.709513 -0.708527 -0.0104632 118.082 0.708604 0.708984 0.0332833 65.3522 -0.0161181 -0.0309574 1.00226 0.661052
0.710119 -0.707847 -0.0161831 118.637 0.70821 0.709857 0.0219028 65.9344 -0.00400342 -0.0269519 1.00252 0.672979
0.71024 -0.707674 -0.019585 119.226 0.708116 0.710236 0.0112861 66.532 0.00590874 -0.0218346 1.00266 0.707253
0.709338 -0.708731 -0.0147621 119.844 0.709086 0.709229 0.0153077 67.1193 -0.000376011 -0.0212785 1.00272 0.71378
0.708122 -0.710135 -7.83918e-05 120.468 0.710084 0.707913 0.0271516 67.7722 -0.0191685 -0.0192441 1.0026 0.671242
0.707392 -0.710802 0.0116641 121.087 0.710283 0.707314 0.0368476 68.3923 -0.03434 -0.0177497 1.00225 0.639496
0.706812 -0.711459 0.00857558 121.652 0.711116 0.706696 0.0332082 68.9674 -0.0295978 -0.0173426 1.00243 0.632966
0.706013 -0.712339 0.00115114 122.21 0.712238 0.705775 0.0294035 69.5466 -0.0216917 -0.0198982 1.00261 0.660855
0.705239 -0.713057 -0.0110796 122.788 0.713324 0.704945 0.0233306 70.1568 -0.00879766 -0.0242988 1.00273 0.658598
0.70385 -0.714447 -0.0122241 123.385 0.714773 0.703626 0.0197609 70.7679 -0.00549828 -0.0225921 1.00282 0.640799
0.702029 -0.716287 -0.011357 123.973 0.716597 0.701794 0.020319 71.3857 -0.00656216 -0.0223494 1.00285 0.626882
0.699497 -0.718786 -0.0120573 124.533 0.719109 0.699224 0.021595 71.9888 -0.00706842 -0.0237176 1.00284 0.645123
0.696725 -0.721492 -0.0130834 125.1 0.72184 0.69642 0.0224154 72.5877 -0.00703824 -0.0249979 1.00283 0.674254
0.693379 -0.724691 -0.015753 125.674 0.725103 0.693004 0.0242481 73.1894 -0.00663458 -0.0281607 1.00277 0.688538
0.691447 -0.726448 -0.0206892 126.229 0.726994 0.690909 0.0282987 73.7831 -0.00624479 -0.0345105 1.0026 0.687648
0.690321 -0.727516 -0.0220291 126.784 0.728105 0.68971 0.0299923 74.3927 -0.00660714 -0.0366382 1.00255 0.680554
0.689437 -0.728487 -0.0186105 127.372 0.728941 0.688772 0.0322042 75.0101 -0.0106105 -0.0356662 1.00258 0.672078
0.688097 -0.729849 -0.0161619 127.935 0.730213 0.687425 0.0331034 75.6081 -0.0130112 -0.0344811 1.00262 0.668412
0.686602 -0.731273 -0.0171252 128.488 0.73171 0.686018 0.030023 76.2069 -0.0101758 -0.0330492 1.00272 0.683358
0.683874 -0.733869 -0.0168406 129.026 0.734347 0.683453 0.0247519 76.797 -0.00663408 -0.0292107 1.0029 0.700346
0.679458 -0.738019 -0.0157857 129.585 0.738499 0.679163 0.0201884 77.3993 -0.00416444 -0.0253044 1.00304 0.687668
0.674245 -0.742869 -0.013356 130.128 0.743283 0.673909 0.022207 78.0021 -0.00747192 -0.0248316 1.00306 0.674297
0.669341 -0.747412 -0.00733901 130.668 0.747637 0.668963 0.0266836 78.6144 -0.0149858 -0.0232853 1.00304 0.659918
0.665408 -0.750984 -0.00298072 131.22 0.750987 0.664954 0.0332538 79.2245 -0.0229174 -0.0243011 1.00289 0.627875
0.662618 -0.753487 -0.00261393 131.738 0.753326 0.662005 0.0395914 79.836 -0.0280116 -0.0281245 1.00269 0.62282
0.659509 -0.756248 -0.00287528 132.262 0.756003 0.658791 0.0429035 80.4538 -0.0304539 -0.0303816 1.00258 0.646004
0.654565 -0.760535 -0.00793504 132.781 0.76073 0.654067 0.0307279 81.0508 -0.01812 -0.0260753 1.00303 0.686192
0.64964 -0.764724 -0.0125453 133.3 0.765168 0.64933 0.0204634 81.6536 -0.00747673 -0.022828 1.00327 0.690481
0.644006 -0.76948 -0.0143962 133.85 0.769954 0.643611 0.0231976 82.3227 -0.00855564 -0.0259462 1.00321 0.61723
0.638113 -0.774358 -0.017059 134.382 0.774873 0.637576 0.0272486 82.9932 -0.0101906 -0.0305105 1.00309 0.567266
0.632127 -0.779224 -0.0198682 134.897 0.779788 0.631414 0.0315584 83.6583 -0.0120079 -0.0353264 1.00294 0.545757
0.625183 -0.784747 -0.0233913 135.38 0.785442 0.624424 0.0316291 84.3155 -0.0101833 -0.0380187 1.00288 0.596899
0.618335 -0.790103 -0.0261888 135.871 0.790924 0.617615 0.0298484 84.9658 -0.00738671 -0.0390359 1.0029 0.634091
0.611695 -0.795274 -0.0267587 136.394 0.796125 0.610988 0.0292214 85.6177 -0.00686964 -0.0390426 1.00293 0.629581
0.60542 -0.800137 -0.0256195 136.885 0.800903 0.604539 0.0337564 86.321 -0.0114866 -0.0408127 1.00284 0.564786
0.598729 -0.805245 -0.0239616 137.375 0.805845 0.597592 0.0403117 87.0233 -0.0180848 -0.0432921 1.00266 0.556352
0.592226 -0.810127 -0.0222302 137.87 0.810536 0.590884 0.0457274 87.7123 -0.0238333 -0.0449391 1.0025 0.555036
0.586916 -0.814055 -0.02092 138.367 0.814358 0.585518 0.0476273 88.3883 -0.0264366 -0.0448288 1.00246 0.554893
0.583617 -0.816459 -0.0210607 138.848 0.816816 0.582288 0.0459003 89.0412 -0.0251304 -0.0438325 1.00256 0.557605
0.579938 -0.818997 -0.0252692 139.341 0.819583 0.57858 0.0442652 89.7291 -0.021563 -0.0462103 1.00257 0.571204
0.576945 -0.820847 -0.033655 139.784 0.821891 0.575551 0.0417472 90.4094 -0.014852 -0.0515493 1.00245 0.580673
0.574015 -0.822727 -0.0384686 140.238 0.824063 0.572703 0.0389246 91.0978 -0.00996466 -0.0538336 1.00242 0.552588
0.571925 -0.82426 -0.0376292 140.719 0.825501 0.570367 0.0434608 91.8252 -0.0143174 -0.0556998 1.00229 0.515667
0.569989 -0.82579 -0.0341702 141.188 0.826698 0.568048 0.0512563 92.5235 -0.022844 -0.0572374 1.00207 0.486515
0.567586 -0.827617 -0.030724 141.66 0.828135 0.565311 0.0585511 93.2249 -0.030988 -0.058444 1.0018 0.46125
0.56348 -0.83054 -0.028375 142.115 0.830944 0.561314 0.0578674 93.8982 -0.0320276 -0.055962 1.00194 0.475553
0.558966 -0.833713 -0.0255915 142.562 0.834287 0.557443 0.046827 94.5627 -0.0246911 -0.0473377 1.00261 0.50532
0.553698 -0.837358 -0.0220889 143.002 0.838019 0.552713 0.0358479 95.2203 -0.0177475 -0.0382108 1.00318 0.488469
0.548105 -0.841077 -0.0216696 143.432 0.84182 0.54734 0.0298597 95.9015 -0.0132075 -0.0344741 1.00341 0.444172
0.541119 -0.845617 -0.0220365 143.875 0.846222 0.540008 0.0389581 96.6448 -0.020971 -0.0395715 1.00311 0.404872
0.534596 -0.849805 -0.0215529 144.329 0.85021 0.533188 0.0464154 97.38 -0.0278552 -0.0429649 1.00283 0.401206
0.528857 -0.853546 -0.0160477 144.791 0.853698 0.527567 0.047506 98.0948 -0.0319689 -0.0386704 1.00291 0.391123
0.524125 -0.856586 -0.0103034 145.248 0.856639 0.523127 0.0444322 98.7881 -0.0325521 -0.0319915 1.00315 0.375228
0.519177 -0.859689 -0.00297191 145.69 0.859841 0.518645 0.03512 99.4896 -0.0285442 -0.0207184 1.00359 0.422159
0.513557 -0.8631 -0.000619213 146.111 0.863538 0.513295 0.0216121 100.199 -0.0182634 -0.0116047 1.004 0.423664
0.507859 -0.866502 0.000985293 146.538 0.867093 0.507706 0.0103175 100.919 -0.00939869 -0.0043898 1.0042 0.404183
0.501404 -0.87028 -0.00398471 146.994 0.870835 0.501127 0.0180198 101.695 -0.0136301 -0.0124709 1.00411 0.337496
0.497053 -0.872813 -0.00288991 147.411 0.873078 0.496575 0.0322071 102.471 -0.0265743 -0.0184703 1.00379 0.299433
0.492741 -0.875296 -0.00125852 147.837 0.875188 0.492089 0.0431881 103.235 -0.0370433 -0.0223031 1.0034 0.283584
0.489727 -0.877026 -0.000471126 148.265 0.876841 0.489062 0.0449641 103.973 -0.0390559 -0.0223539 1.00335 0.307887
0.487896 -0.878083 -0.00254285 148.652 0.878327 0.487385 0.0336997 104.743 -0.0282414 -0.0186123 1.00381 0.349272
0.485503 -0.879389 -0.0105683 149.03 0.879974 0.484952 0.02629 105.493 -0.0179219 -0.0219809 1.00401 0.320671
0.483412 -0.880448 -0.0186314 149.412 0.881284 0.48281 0.0232926 106.229 -0.0114652 -0.0275661 1.00399 0.260327
0.481749 -0.881536 -0.0104879 149.818 0.88218 0.481242 0.0236729 107.005 -0.0157568 -0.0205793 1.00413 0.237617
0.481201 -0.881933 -0.00357229 150.251 0.882383 0.480746 0.0276236 107.76 -0.022554 -0.01639 1.0041 0.191608
0.481429 -0.881859 -0.00100755 150.649 0.882106 0.480922 0.0341309 108.517 -0.0294969 -0.0172621 1.00393 0.187203
0.479852 -0.882758 -0.00196898 151.036 0.882948 0.479261 0.0368461 109.286 -0.0314575 -0.0193499 1.00386 0.217942
0.478216 -0.883684 -0.00330232 151.447 0.884106 0.47771 0.0297097 110.035 -0.0245761 -0.0170684 1.00412 0.22448
0.476287 -0.884754 -0.00577058 151.858 0.885442 0.475907 0.0180803 110.733 -0.0131923 -0.0136781 1.00441 0.213195
0.474877 -0.885573 -0.000823814 152.278 0.886325 0.47463 0.00798777 111.496 -0.00664827 -0.00452875 1.00458 0.196194
0.473926 -0.886123 0.00289731 152.677 0.886863 0.473697 0.00909128 112.294 -0.00938345 -0.00176033 1.0046 0.147148
0.472896 -0.886713 0.00380656 153.071 0.887326 0.472638 0.0186929 113.095 -0.0182959 -0.00546503 1.00449 0.110185
0.471282 -0.887617 0.003595 153.467 0.888048 0.470946 0.0274513 113.867 -0.0259517 -0.00972566 1.00431 0.124831
0.470227 -0.88822 0.00399001 153.855 0.888704 0.469912 0.0254788 114.597 -0.0244032 -0.00842281 1.00439 0.177534
0.470586 -0.88808 -0.00290651 154.252 0.88871 0.470149 0.0224195 115.357 -0.0184646 -0.0130944 1.00449 0.177519
0.470553 -0.888108 -0.00847954 154.644 0.888862 0.470047 0.0203742 116.119 -0.0140472 -0.0170622 1.00453 0.151815
0.469979 -0.888469 -0.00741261 155.04 0.889175 0.469441 0.0227423 116.902 -0.0166542 -0.0172166 1.00452 0.129641
0.4693 -0.88888 -0.00671763 155.431 0.889517 0.468706 0.0262609 117.674 -0.0201087 -0.0182311 1.00447 0.117268
0.468901 -0.889135 -0.00705992 155.82 0.889695 0.46821 0.0304372 118.431 -0.0236577 -0.0204717 1.00438 0.106372
0.468646 -0.889273 -0.0112861 156.197 0.889849 0.467761 0.0340954 119.146 -0.0249363 -0.0259083 1.00425 0.100824
0.467872 -0.88971 -0.0126335 156.579 0.890356 0.466979 0.0329029 119.863 -0.023276 -0.0265247 1.0043 0.118551
0.466827 -0.89022 -0.0177017 156.946 0.891084 0.46592 0.0294153 120.563 -0.0178617 -0.0293694 1.00436 0.117738
0.465833 -0.89077 -0.0186309 157.299 0.891688 0.464939 0.0281947 121.315 -0.0163817 -0.0296082 1.00441 0.0878296
0.464151 -0.891763 -0.0150836 157.687 0.892456 0.463137 0.0345098 122.105 -0.0236878 -0.0293417 1.0043 0.0492778
0.462812 -0.892582 -0.00979565 158.07 0.892963 0.461765 0.0405879 122.834 -0.0315708 -0.0274056 1.00417 0.00487075
0.461681 -0.893265 -0.00325836 158.447 0.893363 0.460764 0.0441453 123.532 -0.037771 -0.0231909 1.00409 -0.00424648
0.461435 -0.893399 -0.00955555 158.797 0.893793 0.460392 0.0402251 124.147 -0.0314019 -0.0269767 1.00425 0.0567581
0.461864 -0.893186 -0.0130386 159.098 0.893797 0.460825 0.0361523 124.761 -0.0261671 -0.0282172 1.00439 0.0382895
0.462572 -0.892827 -0.0158193 159.417 0.89363 0.46159 0.0315572 125.39 -0.0207798 -0.0285962 1.00454 0.0287203
0.463794 -0.892335 -0.00974996 159.722 0.893145 0.463108 0.0234996 126.052 -0.0163782 -0.0195238 1.00486 0.0400875
0.465853 -0.891332 -0.0083478 160.055 0.892204 0.465281 0.0175547 126.702 -0.0117062 -0.0155663 1.00503 0.0437232
0.470146 -0.88913 -0.00869298 160.367 0.890021 0.469574 0.0165614 127.314 -0.0105912 -0.0154641 1.00507 0.0345624
0.47493 -0.88666 -0.00670292 160.657 0.887482 0.474318 0.0199401 127.917 -0.0144325 -0.0153606 1.00506 0.0298361
0.480653 -0.883652 -0.00308118 160.994 0.884297 0.479989 0.0267193 128.495 -0.0220305 -0.0155085 1.00495 0.0174455
0.485909 -0.880833 -0.00329829 161.317 0.881302 0.485098 0.0340379 129.116 -0.0282532 -0.019363 1.00476 0.019367
0.49094 -0.878081 -0.00674823 161.632 0.87861 0.490007 0.0346254 129.707 -0.0269735 -0.0228223 1.00475 0.0151138
0.497678 -0.87433 -0.00839959 161.942 0.875042 0.496822 0.028566 130.293 -0.0207056 -0.0214687 1.00496 0.0226925
0.504039 -0.870698 -0.0121646 162.26 0.871624 0.50328 0.0204259 130.843 -0.0116047 -0.0208038 1.00516 0.0258565
0.510775 -0.86675 -0.0169663 162.583 0.86782 0.510064 0.0157392 131.424 -0.0049597 -0.0226555 1.0052 0.010514
0.516907 -0.863149 -0.0181345 162.921 0.864238 0.516129 0.017787 132.013 -0.00596089 -0.024745 1.00518 -0.00555041
0.522022 -0.860239 -0.0119799 163.263 0.861161 0.521209 0.0211337 132.58 -0.0118776 -0.0212496 1.00524 0.0066393
0.527099 -0.85727 -0.00548269 163.618 0.858021 0.526306 0.0244164 133.133 -0.01796 -0.0174994 1.00525 0.00788247
0.531711 -0.854501 -0.0004957 163.98 0.855187 0.531006 0.0239728 133.668 -0.0201253 -0.0131248 1.00531 0.0220089
0.535423 -0.852247 8.38358e-05 164.316 0.852931 0.534719 0.0237942 134.2 -0.0202261 -0.0126261 1.00535 0.00806691
0.535907 -0.852001 -0.00221418 164.628 0.852669 0.535111 0.0263302 134.71 -0.0211464 -0.015934 1.00531 -0.0325115
