0.477284 -0.878556 0.0184031 0.681433 0.878745 0.477243 -0.00686302 0.552625 -0.00275319 0.0194472 0.999807 0.791128
0.476458 -0.87909 0.013739 1.1158 0.879196 0.476424 -0.00582891 1.36027 -0.00142148 0.0148565 0.999889 0.795817
0.47526 -0.879765 0.0119283 1.52029 0.879845 0.475235 -0.00499357 2.14373 -0.00127559 0.0128683 0.999916 0.798178
0.473633 -0.880626 0.0130396 1.94935 0.880718 0.473624 -0.00392717 2.93068 -0.00271752 0.0133443 0.999907 0.801341
0.472707 -0.881114 0.0136075 2.37716 0.881212 0.472712 -0.00310515 3.74802 -0.00369645 0.013459 0.999903 0.805424
0.471705 -0.881644 0.0140625 2.80259 0.881747 0.471714 -0.00282035 4.55146 -0.00414693 0.0137299 0.999897 0.813091
0.470015 -0.882547 0.0140047 3.2228 0.882653 0.470008 -0.00399569 5.34744 -0.00305594 0.0142393 0.999894 0.813497
0.469388 -0.88287 0.0146431 3.65575 0.882987 0.469378 -0.00435196 6.17251 -0.00303091 0.0149724 0.999883 0.816096
0.468769 -0.883199 0.0146694 4.08834 0.883308 0.468786 -0.00249499 6.98657 -0.00467323 0.0141272 0.999889 0.820751
0.468672 -0.883253 0.0145127 4.52027 0.883339 0.468734 0.00102741 7.82258 -0.00771005 0.0123381 0.999894 0.82174
0.469383 -0.882854 0.0157616 4.95192 0.882918 0.469503 0.00477006 8.64476 -0.0116114 0.0116772 0.999864 0.820655
0.470679 -0.882123 0.017898 5.40252 0.882186 0.470851 0.00683685 9.48513 -0.0144582 0.0125714 0.999816 0.816023
0.472037 -0.881339 0.020553 5.83768 0.881443 0.472245 0.00654069 10.3148 -0.0154706 0.0150289 0.999767 0.813773
0.473536 -0.880523 0.0210285 6.28454 0.880673 0.473709 0.00388789 11.1547 -0.0133848 0.0166782 0.999771 0.808045
0.474443 -0.880094 0.0183902 6.73011 0.880239 0.474531 0.00046189 12.0058 -0.00913325 0.0159687 0.999831 0.804896
0.475885 -0.879366 0.0157986 7.17944 0.879485 0.475923 -0.00145179 12.8429 -0.00624225 0.0145855 0.999874 0.799543
0.476483 -0.87907 0.0141203 7.65057 0.879158 0.47653 -0.000103154 13.7054 -0.00663806 0.0124631 0.9999 0.80023
0.476501 -0.879116 0.0101285 8.1072 0.879103 0.476577 0.0072679 14.5523 -0.0112163 0.00544081 0.999922 0.754081
0.475502 -0.879383 0.0241494 8.56884 0.879582 0.475728 0.00429304 15.4145 -0.0152638 0.0192 0.999699 0.794192
0.47453 -0.879517 0.0356622 9.09272 0.880126 0.474729 -0.00319905 16.3657 -0.0141162 0.0329052 0.999359 0.755673
0.473063 -0.880268 0.0366101 9.53333 0.880961 0.473133 -0.00727073 17.2052 -0.0109213 0.0356916 0.999303 0.745525
0.471883 -0.880988 0.0344652 9.99913 0.881633 0.471822 -0.0103816 18.0559 -0.0071154 0.0352846 0.999352 0.753298
0.470439 -0.881937 0.029572 10.4347 0.882417 0.470364 -0.0098722 18.9104 -0.00520295 0.0307391 0.999514 0.76524
0.469181 -0.882629 0.028902 10.9168 0.883073 0.469179 -0.00726804 19.8248 -0.00714523 0.0289326 0.999556 0.755425
0.468243 -0.883139 0.0285438 11.3698 0.883546 0.468326 -0.00408805 20.6917 -0.00975751 0.027134 0.999584 0.710284
0.466725 -0.883952 0.0282135 11.8309 0.884329 0.466859 -0.00206612 21.5809 -0.0113453 0.0259143 0.9996 0.719194
0.465821 -0.884296 0.0321116 12.3155 0.884759 0.466049 -0.00043944 22.4911 -0.014577 0.0286157 0.999484 0.683775
0.4662 -0.884133 0.0311047 12.7978 0.88451 0.46651 0.00317363 23.4186 -0.0173166 0.0260329 0.999511 0.688726
0.465064 -0.884763 0.0301698 13.2263 0.88505 0.465447 0.00680838 24.3052 -0.0200663 0.0235355 0.999522 0.671923
0.46478 -0.884939 0.0293839 13.6535 0.88521 0.465144 0.00666865 25.1717 -0.0195691 0.0229114 0.999546 0.658066
0.465073 -0.884705 0.0316797 14.1435 0.885106 0.465382 0.00274559 26.0705 -0.0171722 0.026763 0.999494 0.66609
0.465839 -0.884439 0.02761 14.5988 0.884732 0.466089 0.00308112 26.9768 -0.0155938 0.0229922 0.999614 0.648549
0.46506 -0.884908 0.0256331 15.0349 0.885155 0.465284 0.00325039 27.8229 -0.014803 0.0211776 0.999666 0.637677
0.464857 -0.884989 0.0264997 15.4942 0.885252 0.465098 0.00345219 28.6814 -0.0153801 0.0218541 0.999643 0.637885
0.463986 -0.885432 0.0269785 15.9662 0.885697 0.464247 0.00402294 29.5647 -0.0160867 0.0220282 0.999628 0.634477
0.463801 -0.885417 0.0304258 16.4203 0.885815 0.464037 0.000806824 30.4467 -0.0148331 0.0265774 0.999537 0.646855
0.462892 -0.886014 0.0266634 16.8524 0.886351 0.46301 -0.00191173 31.2879 -0.0106516 0.024518 0.999643 0.626722
0.462514 -0.886258 0.0250463 17.2942 0.886569 0.462584 -0.00329396 32.1674 -0.0086667 0.0237288 0.999681 0.632037
0.462193 -0.886467 0.023556 17.7437 0.886712 0.462323 9.84018e-05 33.0255 -0.0109777 0.0208419 0.999723 0.626359
0.462159 -0.886385 0.0270202 18.1998 0.886677 0.462383 0.00236106 33.8764 -0.0145865 0.022867 0.999632 0.630426
0.462358 -0.88612 0.0318775 18.6234 0.886555 0.462623 0.00103579 34.7046 -0.0156651 0.0277823 0.999491 0.617761
0.461705 -0.88656 0.0289811 19.091 0.886904 0.46195 0.00201504 35.59 -0.0151742 0.0247731 0.999578 0.627914
0.461773 -0.886484 0.0302018 19.541 0.8869 0.461961 -0.000838461 36.4674 -0.0132088 0.0271731 0.999543 0.631122
0.460924 -0.886965 0.0290141 19.9715 0.887342 0.461111 -0.000269684 37.2624 -0.0131395 0.0258698 0.999579 0.648623
0.460105 -0.887315 0.0312405 20.4039 0.88769 0.460428 0.00365212 38.1033 -0.0176246 0.0260515 0.999505 0.644102
0.459422 -0.887528 0.0350203 20.8696 0.887935 0.459913 0.00711252 38.9872 -0.0224188 0.0278281 0.999361 0.629645
0.45899 -0.887722 0.0357525 21.3144 0.888095 0.459563 0.00942916 39.8577 -0.024801 0.0274237 0.999316 0.609235
0.45785 -0.888313 0.0356929 21.7278 0.888755 0.458337 0.00644307 40.695 -0.0220828 0.0287723 0.999342 0.595677
0.455885 -0.889341 0.0352242 22.1237 0.889902 0.45615 -0.000561453 41.4883 -0.0155682 0.0316021 0.999379 0.586393
0.455225 -0.889933 0.0281047 22.5681 0.890311 0.455347 -0.00225505 42.3417 -0.0107905 0.0260485 0.999602 0.6057
0.455218 -0.890046 0.024365 22.9428 0.890322 0.455331 -0.00104479 43.1223 -0.0101642 0.0221683 0.999703 0.593909
0.4538 -0.890811 0.0228368 23.345 0.891025 0.45395 0.00160906 43.916 -0.0118001 0.0196179 0.999738 0.59977
0.452873 -0.891303 0.0220225 23.7504 0.891463 0.453069 0.00465055 44.717 -0.0141228 0.0175262 0.999747 0.608939
0.45191 -0.891778 0.0225789 24.1379 0.89195 0.452111 0.00449556 45.4858 -0.0142172 0.0181076 0.999735 0.611199
0.450213 -0.892712 0.0193468 24.5213 0.892813 0.45039 0.00582216 46.2805 -0.0139111 0.0146519 0.999796 0.617146
0.449188 -0.893229 0.019318 24.9146 0.893321 0.449373 0.0064107 47.0556 -0.0144072 0.0143776 0.999793 0.612448
0.448465 -0.893575 0.0200829 25.2793 0.893676 0.448665 0.00663062 47.7892 -0.0149355 0.014974 0.999776 0.602617
0.446883 -0.89436 0.0204057 25.6471 0.894448 0.447105 0.00778234 48.4992 -0.0160837 0.014774 0.999762 0.599078
0.446713 -0.894486 0.0184818 26.0051 0.894471 0.446958 0.0122322 49.2173 -0.0192021 0.0110671 0.999754 0.590815
0.445091 -0.895357 0.0151234 26.368 0.895203 0.445312 0.0175835 49.9519 -0.0224781 0.00571228 0.999731 0.597765
0.443856 -0.895951 0.0162136 26.6961 0.89576 0.444113 0.0194418 50.6509 -0.0246196 0.0058941 0.99968 0.592938
0.442199 -0.896808 0.0139503 27.0393 0.896637 0.442396 0.0181072 51.3024 -0.0224102 0.00450136 0.999739 0.579211
0.441434 -0.897186 0.0138809 27.3204 0.897172 0.441576 0.00961712 51.9461 -0.0147578 0.00820825 0.999857 0.583041
0.440398 -0.897748 0.00990533 27.6646 0.897762 0.440456 0.00465193 52.6509 -0.00853912 0.00684393 0.99994 0.598127
0.439629 -0.898167 0.00475589 27.9472 0.898157 0.43965 0.00477691 53.2521 -0.00638139 0.00217147 0.999977 0.587597
0.439388 -0.898291 0.00332173 28.2544 0.898252 0.4394 0.00845409 53.8836 -0.0090538 -0.000730876 0.999959 0.609661
0.437697 -0.8991 0.00633966 28.5199 0.899048 0.437741 0.00973491 54.4866 -0.0115278 0.00143871 0.999932 0.610562
0.437853 -0.899007 0.00844031 28.8208 0.898999 0.437907 0.00621904 55.0388 -0.00928703 0.0048648 0.999945 0.60966
0.437147 -0.899314 0.0117205 29.1045 0.89938 0.437167 -0.000927472 55.6082 -0.00428974 0.0109467 0.999931 0.605737
0.438613 -0.89859 0.0124155 29.3745 0.898676 0.438571 -0.00604932 56.1288 -9.22894e-06 0.0138109 0.999905 0.60801
0.44134 -0.897295 0.00896804 29.643 0.897339 0.441304 -0.00572939 56.682 0.00118333 0.010576 0.999943 0.612899
0.445115 -0.895451 0.00633529 29.8868 0.895472 0.445114 -0.00167027 57.2063 -0.00132428 0.00641654 0.999979 0.61118
0.44953 -0.893234 0.00744065 30.1328 0.893255 0.449549 0.00105202 57.704 -0.00428464 0.00617348 0.999972 0.617068
0.454032 -0.890917 0.0110661 30.3758 0.890947 0.454093 0.00366751 58.1621 -0.0082925 0.00819416 0.999932 0.626475
0.461164 -0.887118 0.0186937 30.6506 0.887232 0.461306 0.00391691 58.6549 -0.0120983 0.0147793 0.999818 0.651255
0.47076 -0.882072 0.018303 30.8644 0.88216 0.470918 0.00536484 59.0759 -0.0133514 0.0136206 0.999818 0.661779
0.482728 -0.875668 0.0133648 31.1184 0.875669 0.482848 0.00787624 59.5358 -0.0133501 0.00790104 0.99988 0.662978
0.498042 -0.867107 0.00890306 31.3318 0.867049 0.498115 0.0103779 59.9428 -0.0134335 0.00255076 0.999906 0.669506
0.516668 -0.856141 0.00870828 31.6163 0.856063 0.51674 0.0117036 60.3607 -0.0145199 0.00140793 0.999894 0.658075
0.537302 -0.8433 0.0123127 31.9133 0.843248 0.537423 0.010492 60.7477 -0.015465 0.00474532 0.999869 0.664794
0.56214 -0.826876 0.0165993 32.143 0.826828 0.562338 0.0114848 61.101 -0.0188309 0.00726866 0.999796 0.656946
0.588148 -0.80857 0.0172224 32.4185 0.808463 0.588374 0.0142552 61.4333 -0.0216596 0.0055395 0.99975 0.648237
0.615761 -0.787752 0.0168682 32.7424 0.787615 0.615979 0.0152316 61.7355 -0.0223892 0.00390659 0.999742 0.651921
0.648208 -0.761255 0.0178093 33.0238 0.761097 0.648444 0.0158451 62.0543 -0.0236105 0.00328368 0.999716 0.651541
0.68149 -0.73158 0.0190165 33.3245 0.731403 0.68175 0.0163198 62.3163 -0.0249037 0.00278692 0.999686 0.631891
0.717366 -0.696504 0.0163843 33.614 0.696305 0.717552 0.0166855 62.5473 -0.0233781 -0.000561156 0.999727 0.617548
0.755386 -0.655073 0.016502 33.8825 0.654896 0.755565 0.0152272 62.8184 -0.0224433 -0.000695289 0.999748 0.618465
0.792146 -0.610149 0.0149132 34.185 0.609985 0.792284 0.0143296 63.0707 -0.0205587 -0.00225438 0.999786 0.622771
0.827855 -0.560777 0.0136225 34.5315 0.560611 0.827956 0.0142679 63.2849 -0.01928 -0.00417486 0.999805 0.624579
0.862782 -0.505393 0.0135889 34.8359 0.505247 0.862879 0.0128885 63.4565 -0.0182393 -0.0042542 0.999825 0.595272
0.893875 -0.448119 0.0132928 35.1813 0.447999 0.893965 0.0111188 63.6149 -0.0168658 -0.00398365 0.99985 0.610395
0.921104 -0.3891 0.01296 35.534 0.388976 0.921181 0.0111083 63.7383 -0.0162607 -0.00519082 0.999854 0.611273
0.944283 -0.328756 0.0157618 35.8893 0.328594 0.944395 0.0119882 63.8562 -0.0188266 -0.00614102 0.999804 0.606901
0.963322 -0.267822 0.0167721 36.2601 0.267597 0.963422 0.0144877 63.8782 -0.0200388 -0.00946819 0.999754 0.607542
0.978251 -0.206664 0.0177473 36.6435 0.206424 0.978356 0.0144551 63.9926 -0.0203505 -0.0104772 0.999738 0.577942
0.988977 -0.147056 0.0172815 37.0167 0.146878 0.989092 0.0111584 64.0557 -0.0187339 -0.0084971 0.999788 0.577244
0.995947 -0.0880601 0.0182856 37.3766 0.0879589 0.996104 0.00626446 64.0473 -0.018766 -0.00463069 0.999813 0.584606
0.999326 -0.0320361 0.0179221 37.7832 0.0319015 0.999461 0.00774767 64.0331 -0.0181606 -0.00717071 0.999809 0.605618
0.999585 0.0229551 0.0174088 38.1557 -0.0231715 0.999655 0.0123345 64.0142 -0.0171197 -0.0127327 0.999772 0.591138
0.997017 0.075336 0.0167895 38.5163 -0.0755652 0.99705 0.0134599 63.9807 -0.015726 -0.0146885 0.999768 0.570916
0.992053 0.125023 0.0141217 38.8592 -0.125139 0.99211 0.00759891 63.9482 -0.0130602 -0.00930569 0.999871 0.555022
0.985291 0.170267 0.0145084 39.1983 -0.170191 0.985391 -0.00634703 63.8431 -0.0153771 0.00378449 0.999875 0.561452
0.977793 0.208803 0.017942 39.5761 -0.20862 0.977928 -0.0115557 63.7454 -0.0199589 0.00755599 0.999772 0.575087
0.969723 0.24355 0.0178854 39.9176 -0.243425 0.969879 -0.00891303 63.6615 -0.0195175 0.00428943 0.9998 0.604113
0.961725 0.273574 0.015572 40.3305 -0.273623 0.961837 0.00102964 63.6153 -0.014696 -0.00525107 0.999878 0.623401
0.952904 0.302967 0.0135932 40.7508 -0.303082 0.952936 0.00740253 63.5165 -0.0107107 -0.0111738 0.99988 0.597347
0.944257 0.329004 0.011619 41.1246 -0.329098 0.944268 0.00726111 63.3877 -0.00858249 -0.0106801 0.999906 0.58825
0.936203 0.351398 0.00659619 41.5349 -0.351422 0.936213 0.0028294 63.2213 -0.00518119 -0.00496694 0.999974 0.569757
0.928713 0.370799 -0.000801947 41.9228 -0.3708 0.928709 -0.00247517 63.0595 -0.000173017 0.00259609 0.999997 0.555529
0.921097 0.389268 -0.00718037 42.3016 -0.389284 0.921117 -0.000980905 62.8945 0.00623213 0.00369871 0.999974 0.560111
0.914085 0.405471 -0.00648247 42.7343 -0.405457 0.914108 0.00346191 62.7093 0.00732938 -0.000536117 0.999973 0.578021
0.907678 0.419665 -0.00154081 43.1698 -0.419657 0.907675 0.00386156 62.5446 0.00301912 -0.00285845 0.999991 0.56946
0.901409 0.432965 0.00148645 43.6077 -0.432968 0.901404 0.00318446 62.3538 3.88683e-05 -0.00351409 0.999994 0.55963
0.895737 0.444573 0.00303355 44.0722 -0.44458 0.895737 0.00216903 62.1267 -0.00175296 -0.00329154 0.999993 0.574607
0.890194 0.45558 0.00101939 44.5275 -0.455576 0.890192 -0.00273856 61.9029 -0.00215509 0.00197344 0.999996 0.562427
0.884854 0.465867 -0.00117885 44.99 -0.465867 0.884843 -0.00464252 61.6704 -0.0011197 0.00465714 0.999988 0.565251
0.880764 0.47355 -0.00228091 45.4757 -0.473555 0.880747 -0.00541766 61.4131 -0.000556627 0.00585182 0.999983 0.562143
0.87819 0.478297 -0.00362605 45.9636 -0.478311 0.878155 -0.0078934 61.1373 -0.000591157 0.00866629 0.999962 0.562142
0.875934 0.482407 -0.00488116 46.4334 -0.482431 0.875879 -0.00979087 60.875 -0.000447879 0.010931 0.99994 0.571953
0.873084 0.487545 -0.00486026 46.9842 -0.487569 0.873043 -0.00854074 60.572 7.92197e-05 0.0098265 0.999952 0.5734
0.870889 0.491465 -0.00387055 47.4823 -0.49148 0.870867 -0.00616185 60.2878 0.000342407 0.00726858 0.999973 0.567713
0.869317 0.494221 -0.00579655 48.0112 -0.494255 0.869266 -0.00943731 59.9696 0.000374624 0.011069 0.999939 0.563437
0.868106 0.496347 -0.00559091 48.5689 -0.496379 0.868044 -0.0103506 59.6581 -0.000284326 0.0117606 0.999931 0.565803
0.866551 0.49905 -0.00615082 49.1461 -0.499088 0.866476 -0.0114029 59.3025 -0.000361089 0.012951 0.999916 0.569331
0.867141 0.498011 -0.00718428 49.7177 -0.498063 0.867035 -0.0135685 58.9589 -0.000528267 0.0153441 0.999882 0.573457
0.866952 0.49832 -0.00848117 50.3081 -0.498392 0.866792 -0.016636 58.6052 -0.000938627 0.0186495 0.999826 0.572664
0.868482 0.495625 -0.00973297 50.9145 -0.495719 0.868265 -0.0194488 58.2588 -0.00118853 0.0217158 0.999763 0.575619
0.8702 0.492565 -0.0114689 51.5484 -0.492697 0.86991 -0.02248 57.876 -0.00109598 0.0252128 0.999682 0.569735
0.872473 0.488564 -0.00977252 52.1955 -0.488661 0.872254 -0.0195987 57.5269 -0.00105111 0.0218748 0.99976 0.582102
0.874507 0.484915 -0.00970929 52.8439 -0.48501 0.874271 -0.0203741 57.1406 -0.00139116 0.0225264 0.999745 0.553662
0.876658 0.480984 -0.0111444 53.5793 -0.481109 0.876313 -0.024698 56.7981 -0.00211336 0.0270133 0.999633 0.562807
0.878707 0.477214 -0.011865 54.2376 -0.477351 0.878247 -0.028599 56.4589 -0.00322749 0.0307939 0.999521 0.562177
0.880188 0.474522 -0.00995496 55.0025 -0.474612 0.879805 -0.026214 56.0721 -0.00368067 0.027798 0.999607 0.569451
0.882335 0.470503 -0.0105992 55.7101 -0.470604 0.881875 -0.0287679 55.7055 -0.00418824 0.030371 0.99953 0.589166
0.883826 0.467632 -0.0130919 56.4108 -0.467816 0.883464 -0.0252916 55.3178 -0.000261 0.028478 0.999594 0.591794
0.884078 0.467179 -0.0122758 57.1563 -0.467329 0.883933 -0.0163285 54.949 0.00322263 0.0201725 0.999791 0.595545
0.884534 0.466354 -0.0106685 57.8659 -0.46644 0.884517 -0.00792702 54.6082 0.00573963 0.0119879 0.999912 0.604286
0.884136 0.467131 -0.00960184 58.5938 -0.467197 0.88413 -0.00642298 54.2322 0.0054889 0.0101647 0.999933 0.594129
0.884369 0.466715 -0.00820523 59.3342 -0.466768 0.884358 -0.00629181 53.8455 0.00431987 0.00939422 0.999947 0.608498
0.884173 0.467067 -0.00934827 60.0411 -0.467147 0.884122 -0.0101058 53.4846 0.00354495 0.0133022 0.999905 0.631837
0.88427 0.466884 -0.00921292 60.7788 -0.466961 0.884224 -0.00975286 53.0948 0.00359283 0.0129262 0.99991 0.64891
0.884641 0.466214 -0.00743406 61.5114 -0.466266 0.884604 -0.00847959 52.7254 0.0026229 0.0109676 0.999936 0.670619
0.884474 0.466528 -0.00760334 62.2166 -0.466577 0.884455 -0.00671427 52.3258 0.00359242 0.00948614 0.999949 0.656845
0.883821 0.467768 -0.00731796 62.9766 -0.467807 0.883817 -0.00493205 51.9356 0.00416068 0.00778244 0.999961 0.668688
0.883146 0.469068 -0.00539636 63.6791 -0.46909 0.883142 -0.00382041 51.6084 0.00297372 0.00590535 0.999978 0.674381
0.881079 0.472948 -0.00440235 64.3834 -0.472964 0.881073 -0.00385369 51.2175 0.0020562 0.00547756 0.999983 0.681583
0.879107 0.476623 -0.0012401 65.1388 -0.476625 0.879103 -0.00255333 50.8105 -0.000126803 0.00283571 0.999996 0.693358
0.875845 0.482589 0.00162107 65.8406 -0.482587 0.875847 -0.00130832 50.4398 -0.00205119 0.000363576 0.999998 0.704471
0.872124 0.48928 0.00238437 66.553 -0.489277 0.872127 -0.0015527 50.0515 -0.00283917 0.000187525 0.999996 0.712367
0.867994 0.496567 0.00291071 67.277 -0.496568 0.867998 -0.000179941 49.633 -0.00261584 -0.00128918 0.999996 0.72535
0.863326 0.504624 0.00471939 67.9333 -0.504637 0.86333 0.00179065 49.2578 -0.00317078 -0.0039275 0.999987 0.718434
0.857865 0.51384 0.00596797 68.622 -0.513863 0.857866 0.00334295 48.8729 -0.00340198 -0.00593452 0.999977 0.713084
0.852087 0.523337 0.00812131 69.3228 -0.523376 0.852094 0.00371935 48.4387 -0.00497365 -0.00741971 0.99996 0.721209
0.8463 0.532629 0.00907567 70.0185 -0.532669 0.846319 0.00268248 48.0228 -0.00625214 -0.00710452 0.999955 0.720042
0.84039 0.541925 0.00792606 70.6732 -0.541958 0.840401 0.00277692 47.6004 -0.00515618 -0.00662929 0.999965 0.724409
0.834042 0.551641 0.00813037 71.3159 -0.551675 0.834055 0.002549 47.1766 -0.00537505 -0.00661129 0.999964 0.706962
0.828365 0.560131 0.00804979 71.9393 -0.560169 0.828371 0.00343517 46.7431 -0.00474407 -0.00735482 0.999962 0.69776
0.822177 0.569199 0.00610315 72.617 -0.569218 0.822185 0.00177991 46.3026 -0.00400479 -0.00493743 0.99998 0.717422
0.816587 0.577205 0.00461282 73.2126 -0.577218 0.816587 0.00218976 45.8903 -0.00250283 -0.00445073 0.999987 0.702668
0.810591 0.585578 0.00631129 73.8314 -0.585605 0.810587 0.00395328 45.4266 -0.00280089 -0.00690042 0.999972 0.7195
0.80528 0.592855 0.0069016 74.4232 -0.592884 0.80528 0.00346643 44.9896 -0.00350263 -0.0068833 0.99997 0.707284
0.800225 0.599678 0.00510062 75.024 -0.599686 0.800236 -3.22735e-05 44.536 -0.00410105 -0.00303294 0.999987 0.723624
0.79595 0.605331 0.00612413 75.6107 -0.605335 0.79597 -0.00143395 44.1116 -0.00574264 -0.0025658 0.99998 0.716978
0.792994 0.60919 0.00694895 76.1618 -0.609181 0.793023 -0.00359129 43.6616 -0.00769846 -0.00138531 0.999969 0.745053
0.790249 0.612771 0.00432715 76.769 -0.612721 0.790248 -0.00899589 43.21 -0.00893194 0.00445765 0.99995 0.76548
0.789159 0.614158 0.00621633 77.3292 -0.614119 0.789181 -0.00708751 42.738 -0.00925866 0.00177561 0.999956 0.755315
0.787673 0.61607 0.00538875 77.8554 -0.615999 0.787675 -0.0106875 42.342 -0.0108288 0.00509878 0.999928 0.758474
0.787141 0.616757 0.00442437 78.3887 -0.616697 0.787136 -0.0100965 41.9537 -0.00970965 0.00521884 0.999939 0.744128
0.787304 0.616557 0.00306421 78.9408 -0.616505 0.787287 -0.0100901 41.548 -0.00863352 0.00605484 0.999944 0.734281
0.789627 0.613582 0.00234664 79.4489 -0.613542 0.78961 -0.00903078 41.1368 -0.00739406 0.00569119 0.999956 0.730302
0.792699 0.609612 0.00134911 79.9006 -0.609573 0.792671 -0.00966779 40.7845 -0.006963 0.00684127 0.999952 0.717803
0.797727 0.603018 4.70171e-05 80.407 -0.602987 0.797687 -0.0101707 40.4069 -0.00617064 0.00808512 0.999948 0.717166
0.803287 0.595591 -0.001437 80.8767 -0.59556 0.803216 -0.0123472 40.0134 -0.00619963 0.0107741 0.999923 0.740629
0.812029 0.583614 -0.00199396 81.3026 -0.583594 0.811961 -0.0117076 39.7611 -0.00521371 0.0106706 0.999929 0.733558
0.822379 0.568939 -0.000567493 81.7666 -0.568929 0.822357 -0.00695511 39.4463 -0.00349035 0.0060426 0.999976 0.721275
0.83331 0.552796 -0.0033406 82.2463 -0.552805 0.833279 -0.00726738 39.1366 -0.00123373 0.00790268 0.999968 0.720142
0.846259 0.532744 -0.00552176 82.6864 -0.53277 0.846241 -0.00575037 38.852 0.00160926 0.00780813 0.999968 0.704073
0.861345 0.507988 -0.00571502 83.158 -0.508007 0.86135 -0.00235423 38.6115 0.00372671 0.00493108 0.999981 0.720701
0.876768 0.480876 -0.00597798 83.6392 -0.480893 0.876778 -0.00158411 38.3931 0.0044796 0.00426367 0.999981 0.71434
0.892883 0.45027 -0.00407445 84.1432 -0.450281 0.892883 -0.00249964 38.2169 0.00251249 0.00406654 0.999989 0.727121
0.9094 0.41592 -0.00170614 84.6597 -0.415922 0.909384 -0.00547398 38.0735 -0.000725198 0.00568766 0.999984 0.718432
0.928096 0.372336 0.00185029 85.1321 -0.372323 0.928089 -0.00512511 37.8916 -0.0036255 0.00406768 0.999985 0.740358
0.945261 0.326242 0.00694232 85.6477 -0.326234 0.945286 -0.00234093 37.7353 -0.00732619 -5.20321e-05 0.999973 0.76494
0.96108 0.276111 0.00939299 86.1595 -0.276113 0.961124 -0.0011454 37.6581 -0.00934409 -0.00149271 0.999955 0.767835
0.974764 0.223023 0.0098164 86.6788 -0.223031 0.974811 -0.000303818 37.6217 -0.0096369 -0.00189321 0.999952 0.771068
0.986386 0.164268 0.00763782 87.1955 -0.164257 0.986415 -0.00215104 37.628 -0.00788741 0.00086719 0.999969 0.774726
0.99511 0.0987257 0.00298794 87.6777 -0.0987132 0.995108 -0.00409016 37.6015 -0.00337713 0.00377521 0.999987 0.769003
0.999524 0.030858 -0.00047745 88.1532 -0.0308601 0.99951 -0.00528261 37.5971 0.000314205 0.00529483 0.999986 0.773868
0.999281 -0.0375818 -0.00501899 88.6454 0.0375564 0.999282 -0.00506408 37.6609 0.0052057 0.00487195 0.999975 0.761439
0.994198 -0.107249 -0.00825557 89.0892 0.107215 0.994226 -0.00441785 37.76 0.00868172 0.00350709 0.999956 0.745905
0.984288 -0.176295 -0.00984368 89.5385 0.176265 0.984335 -0.00390671 37.8778 0.0103782 0.00211024 0.999944 0.754565
0.969707 -0.244039 -0.0106397 89.9952 0.243978 0.969758 -0.0067066 38.0273 0.0119546 0.0039076 0.999921 0.753505
0.950735 -0.309921 -0.00726775 90.4329 0.309876 0.950754 -0.0065974 38.2072 0.00895451 0.00402027 0.999952 0.762741
0.92784 -0.372966 -0.00315798 90.8299 0.372944 0.927835 -0.00593069 38.3796 0.00514203 0.00432498 0.999977 0.772862
0.901356 -0.433065 0.0035867 91.2702 0.433075 0.901353 -0.00295509 38.6114 -0.00195314 0.0042169 0.999989 0.789987
0.871932 -0.489544 0.00905969 91.6987 0.489562 0.871969 0.000303645 38.8653 -0.00804842 0.00417052 0.999959 0.783764
0.842492 -0.538582 0.0116292 92.0437 0.5386 0.842559 0.00180295 39.1297 -0.0107694 0.00474454 0.999931 0.811614
0.812881 -0.582277 0.0133257 92.403 0.582243 0.812987 0.00670145 39.4064 -0.0147357 0.00231131 0.999889 0.814323
0.786608 -0.617331 0.0122791 92.7282 0.617147 0.786689 0.0158515 39.699 -0.0194454 -0.00489087 0.999799 0.834303
0.762532 -0.646902 0.00793869 93.07 0.64673 0.762535 0.0167625 40.0392 -0.0168972 -0.00764778 0.999828 0.819236
0.740923 -0.67157 0.00510753 93.3618 0.671409 0.740879 0.0175726 40.3334 -0.0155853 -0.00959071 0.999833 0.747678
0.725002 -0.688723 0.00570166 93.6982 0.688633 0.725008 0.012205 40.6452 -0.0125396 -0.0049223 0.999909 0.767014
0.711945 -0.7022 0.00704083 94.0465 0.70215 0.711979 0.00844653 40.946 -0.0109441 -0.00106975 0.999939 0.754524
0.703311 -0.710854 0.00636517 94.3708 0.710752 0.703325 0.0128663 41.3215 -0.0136228 -0.00452494 0.999897 0.767744
0.695802 -0.718227 0.00319686 94.7289 0.718086 0.695742 0.0172083 41.7042 -0.0145836 -0.00967792 0.999847 0.781439
0.692297 -0.72161 -0.00190583 95.0233 0.721493 0.692131 0.0200753 42.0546 -0.0131674 -0.0152731 0.999797 0.756904
0.690668 -0.723124 -0.00827127 95.4151 0.723101 0.690397 0.0218242 42.4797 -0.0100711 -0.0210542 0.999728 0.761342
0.691062 -0.722718 -0.010612 95.7618 0.722775 0.690855 0.0177604 42.8501 -0.00550443 -0.0199436 0.999786 0.760661
0.692797 -0.72106 -0.0102253 96.1535 0.721129 0.692686 0.0126105 43.2783 -0.00201006 -0.0161103 0.999868 0.738978
0.695616 -0.718264 -0.0146545 96.53 0.718402 0.695574 0.00864131 43.6641 0.00398655 -0.0165389 0.999855 0.740114
0.698917 -0.715001 -0.0169876 96.9323 0.715169 0.698917 0.00691109 44.0819 0.0069315 -0.0169793 0.999832 0.763956
0.701841 -0.711986 -0.0222823 97.3717 0.712303 0.701757 0.0126898 44.5191 0.00660181 -0.024778 0.999671 0.75993
0.705801 -0.707931 -0.0260566 97.7556 0.708399 0.705517 0.0204193 44.941 0.00392795 -0.0328704 0.999452 0.729571
0.709546 -0.704357 -0.02066 98.2377 0.704659 0.709226 0.0212819 45.4095 -0.000337415 -0.0296588 0.99956 0.730222
0.712623 -0.701405 -0.0141181 98.6456 0.70153 0.712319 0.0213837 45.8217 -0.00494206 -0.0251428 0.999672 0.708836
0.715367 -0.698685 -0.00944615 99.1403 0.698689 0.715062 0.0228195 46.3338 -0.00918908 -0.0229243 0.999695 0.684417
0.716263 -0.697811 -0.00510729 99.5944 0.697753 0.716057 0.0200634 46.7104 -0.0103433 -0.0179343 0.999786 0.673074
0.716593 -0.697482 -0.00382843 100.118 0.69745 0.716478 0.0149285 47.2135 -0.0076694 -0.0133678 0.999881 0.682985
0.716377 -0.697708 -0.00266328 100.589 0.697707 0.71635 0.00686152 47.6625 -0.00287949 -0.00677363 0.999973 0.683985
0.715661 -0.698359 -0.0111518 101.101 0.69844 0.715637 0.00676147 48.1761 0.0032587 -0.0126278 0.999915 0.702713
0.713691 -0.700213 -0.0186017 101.576 0.700412 0.713702 0.0072296 48.667 0.0082138 -0.0181885 0.999801 0.731095
0.712066 -0.70188 -0.0181025 102.092 0.702086 0.712027 0.00962148 49.1768 0.00613637 -0.0195607 0.99979 0.710131
0.711685 -0.702378 -0.0130115 102.585 0.702498 0.711529 0.0149682 49.7065 -0.00125527 -0.0197931 0.999803 0.639812
0.709031 -0.705117 -0.00927832 103.08 0.705139 0.708791 0.0198609 50.2381 -0.00742785 -0.0206245 0.99976 0.663209
0.707898 -0.70629 -0.00583708 103.642 0.706283 0.707765 0.0152888 50.7971 -0.00666708 -0.0149456 0.999866 0.674531
0.706777 -0.707348 -0.011177 104.132 0.707426 0.706593 0.0165513 51.3238 -0.00380994 -0.019605 0.999801 0.669533
0.704703 -0.709386 -0.0128665 104.677 0.709501 0.704618 0.0110345 51.8772 0.0012383 -0.0169048 0.999856 0.694308
0.701834 -0.712164 -0.0158782 105.22 0.712321 0.701805 0.00827118 52.4269 0.00525293 -0.0171154 0.99984 0.72271
0.699073 -0.714842 -0.0172389 105.756 0.715038 0.698996 0.0111443 52.9851 0.00408347 -0.0201172 0.999789 0.68536
0.696886 -0.716997 -0.0162794 106.365 0.717178 0.696779 0.0124408 53.6004 0.00242314 -0.020345 0.99979 0.690718
0.694734 -0.71913 -0.0140371 106.89 0.719267 0.694582 0.0145501 54.1373 -0.000713516 -0.0202048 0.999796 0.688279
0.693855 -0.720052 -0.00950027 107.462 0.720113 0.693765 0.011299 54.7316 -0.00154492 -0.0146811 0.999891 0.673765
0.693003 -0.720915 -0.00540221 108.063 0.720931 0.692955 0.00848834 55.3183 -0.00237588 -0.00977707 0.999949 0.676314
0.692636 -0.721278 -0.00373378 108.589 0.721273 0.69258 0.00984709 55.864 -0.00451655 -0.00951352 0.999945 0.693222
0.693061 -0.720852 -0.0062195 109.202 0.72087 0.692983 0.0109808 56.513 -0.00360553 -0.0120938 0.99992 0.693808
0.692917 -0.720957 -0.00933267 109.79 0.721017 0.692836 0.0106256 57.1515 -0.00119456 -0.0140916 0.9999 0.715262
0.693708 -0.719894 -0.0228568 110.338 0.720256 0.693366 0.0217975 57.7235 0.000156201 -0.0315839 0.999501 0.707284
0.696141 -0.717481 -0.024659 110.964 0.717905 0.695714 0.0243767 58.3768 -0.000334259 -0.0346724 0.999399 0.715309
0.698682 -0.715006 -0.0246856 111.554 0.715431 0.698228 0.0252169 58.9998 -0.000793997 -0.0352795 0.999377 0.710342
0.70065 -0.713039 -0.0257904 112.134 0.713505 0.700157 0.0263026 59.6117 -0.000697492 -0.0368305 0.999321 0.686957
0.701843 -0.711819 -0.0270357 112.753 0.712331 0.701386 0.0253278 60.2358 0.000933666 -0.0370345 0.999314 0.703538
0.703165 -0.710656 -0.0229755 113.356 0.711026 0.702854 0.020951 60.8347 0.00125942 -0.0310682 0.999516 0.709175
0.70326 -0.710629 -0.0207468 113.936 0.710932 0.702992 0.0194549 61.4161 0.00075958 -0.0284314 0.999595 0.695508
0.704392 -0.709565 -0.0187106 114.583 0.709811 0.70417 0.0176861 62.0679 0.000626044 -0.0257389 0.999668 0.73754
0.704986 -0.708926 -0.0204932 115.18 0.709221 0.704642 0.0220389 62.6566 -0.00118357 -0.0300713 0.999547 0.779914
0.705518 -0.708489 -0.0169392 115.769 0.708651 0.705019 0.0276156 63.2655 -0.00762289 -0.0314873 0.999475 0.754552
0.706461 -0.707559 -0.0165206 116.409 0.707664 0.705812 0.0322637 63.9167 -0.011168 -0.0344841 0.999343 0.74258
0.707158 -0.706765 -0.0202627 116.979 0.707029 0.706594 0.0289001 64.4907 -0.00610811 -0.0347632 0.999377 0.700819
0.707715 -0.706095 -0.0238481 117.558 0.70647 0.707584 0.0149992 65.0524 0.00628363 -0.0274632 0.999603 0.673489
0.706944 -0.706752 -0.0270528 118.169 0.707123 0.707058 0.00671342 65.6658 0.0143832 -0.0238757 0.999611 0.746282
0.706794 -0.706975 -0.0250598 118.727 0.707368 0.706728 0.0129298 66.263 0.00856943 -0.0268652 0.999602 0.766649
0.705658 -0.708458 -0.011597 119.359 0.708502 0.705318 0.0234964 66.8936 -0.00846658 -0.0247969 0.999657 0.756908
0.704775 -0.709406 0.00599253 119.985 0.708919 0.704561 0.0320571 67.538 -0.0269636 -0.0183448 0.999468 0.753279
0.703495 -0.710699 0.00133982 120.529 0.710405 0.703256 0.027498 68.0713 -0.020485 -0.0183929 0.999621 0.711426
0.702669 -0.711419 -0.0118126 121.091 0.711478 0.702361 0.0221108 68.6632 -0.00743338 -0.023941 0.999686 0.743512
0.702427 -0.711337 -0.0244089 121.697 0.711745 0.702196 0.0184472 69.2834 0.00401767 -0.0303307 0.999532 0.761307
0.701797 -0.71196 -0.0243524 122.249 0.71237 0.701527 0.0197021 69.8324 0.00305675 -0.0311749 0.999509 0.749046
0.699056 -0.714796 -0.0196827 122.852 0.715066 0.69882 0.0181758 70.4702 0.000762725 -0.0267803 0.999641 0.746768
0.696237 -0.717553 -0.0192937 123.422 0.71781 0.696044 0.0164651 71.0686 0.00161467 -0.0253128 0.999678 0.757001
0.693484 -0.720244 -0.0181163 123.969 0.72047 0.693328 0.0148232 71.6676 0.00188422 -0.023332 0.999726 0.742914
0.691662 -0.721965 -0.0192305 124.542 0.722215 0.69152 0.0143171 72.284 0.00296181 -0.0237912 0.999713 0.770137
0.689793 -0.723565 -0.0252918 125.084 0.724 0.689518 0.0197215 72.8719 0.00316938 -0.0319149 0.999486 0.804149
0.68886 -0.724408 -0.0265454 125.601 0.724894 0.688447 0.0238776 73.4329 0.000977999 -0.0356909 0.999362 0.804201
0.687458 -0.725907 -0.0214323 126.192 0.726212 0.686984 0.0258397 74.0731 -0.00403356 -0.0333282 0.999436 0.769677
0.686038 -0.727372 -0.0167957 126.68 0.72755 0.685689 0.0223979 74.5985 -0.00477495 -0.0275855 0.999608 0.764325
0.684574 -0.7288 -0.0144528 127.297 0.728942 0.684408 0.0151442 75.2777 -0.00114551 -0.0209026 0.999781 0.788719
0.68051 -0.732602 -0.0141307 127.901 0.732735 0.680438 0.0101377 75.854 0.00218819 -0.0172529 0.999849 0.814826
0.676437 -0.736384 -0.0131116 128.37 0.736493 0.676402 0.00762214 76.4039 0.00325589 -0.0148125 0.999885 0.827763
0.671273 -0.741164 -0.00829011 128.929 0.741207 0.671199 0.0101934 77.0174 -0.00199071 -0.0129873 0.999914 0.798643
0.666392 -0.745598 -0.00215927 129.469 0.745541 0.666299 0.0146206 77.6151 -0.00946239 -0.0113529 0.999891 0.808596
0.663171 -0.74846 0.00334587 130.002 0.74825 0.663079 0.021145 78.23 -0.0180448 -0.0115192 0.999771 0.822607
0.660193 -0.751088 0.00330868 130.543 0.750761 0.660024 0.0269516 78.8602 -0.0224269 -0.0153093 0.999631 0.835333
0.65713 -0.753777 -0.000837413 131.055 0.753595 0.656946 0.0227242 79.4631 -0.0165789 -0.0155638 0.999741 0.831347
0.65184 -0.758355 -0.00116554 131.569 0.758297 0.651769 0.0134942 80.0639 -0.00947375 -0.0096799 0.999908 0.817503
0.646627 -0.762804 -0.00195614 132.105 0.7628 0.646609 0.00574361 80.6659 -0.00311639 -0.00520612 0.999982 0.812178
0.641758 -0.766902 -0.00287907 132.632 0.766903 0.641737 0.0057999 81.3185 -0.00260035 -0.0059301 0.999979 0.797805
0.636144 -0.771563 -0.00321021 133.109 0.771546 0.636086 0.0105051 81.9226 -0.00606338 -0.00915959 0.99994 0.799659
0.628762 -0.777529 -0.0103919 133.635 0.777582 0.628609 0.0147155 82.5853 -0.00490923 -0.0173331 0.999838 0.778742
0.621823 -0.782997 -0.0158541 134.126 0.783157 0.621671 0.0137969 83.2433 -0.000946934 -0.0209955 0.999779 0.785022
0.615587 -0.787873 -0.0175664 134.617 0.788064 0.615509 0.0101984 83.8792 0.00277722 -0.0201215 0.999794 0.794628
0.608656 -0.793288 -0.0152467 135.153 0.793434 0.608559 0.010876 84.5694 0.000650674 -0.018717 0.999825 0.796898
0.601972 -0.798344 -0.0166021 135.621 0.798508 0.601737 0.0172496 85.2198 -0.003781 -0.0236407 0.999713 0.791853
0.595195 -0.803449 -0.0145885 136.128 0.803517 0.59482 0.0234502 85.8834 -0.0101635 -0.0256795 0.999619 0.812349
0.588377 -0.808518 -0.010554 136.609 0.808459 0.588003 0.0254448 86.5889 -0.0143668 -0.0235036 0.99962 0.764176
0.584307 -0.811438 -0.0124293 137.075 0.811386 0.583842 0.0279444 87.2447 -0.0154184 -0.0264131 0.999532 0.785852
0.580632 -0.814103 -0.0100765 137.572 0.814037 0.580275 0.0249866 87.9426 -0.0144945 -0.0227107 0.999637 0.787817
0.576947 -0.816658 -0.014212 138.038 0.816723 0.576608 0.0220644 88.6416 -0.00982429 -0.0243373 0.999656 0.79219
0.5738 -0.818657 -0.0235399 138.456 0.81899 0.573456 0.0200774 89.2725 -0.0029374 -0.0307993 0.999521 0.822856
0.571303 -0.820297 -0.026952 138.936 0.820738 0.570942 0.0203368 89.9889 -0.00129418 -0.033739 0.99943 0.805526
0.568589 -0.822173 -0.0271832 139.372 0.82261 0.568093 0.0241331 90.6652 -0.00439895 -0.036083 0.999339 0.804305
0.56714 -0.823222 -0.0256509 139.866 0.823522 0.566311 0.0332232 91.3724 -0.0128236 -0.0399663 0.999119 0.79154
0.564152 -0.8254 -0.0211351 140.368 0.825363 0.563057 0.0417529 92.0692 -0.0225626 -0.0409991 0.998904 0.768447
0.560148 -0.82824 -0.0159113 140.795 0.828143 0.559403 0.0353332 92.7208 -0.0203635 -0.0329686 0.999249 0.768838
0.555799 -0.83125 -0.0105543 141.261 0.831231 0.555515 0.0213971 93.391 -0.0119232 -0.0206655 0.999715 0.763309
0.550059 -0.835024 -0.0130623 141.698 0.835106 0.54987 0.0155362 94.0815 -0.00579053 -0.0194542 0.999794 0.744801
0.544131 -0.83884 -0.0164288 142.13 0.838979 0.543873 0.0177981 94.7987 -0.00599455 -0.0234679 0.999707 0.737444
0.53794 -0.842887 -0.0127705 142.577 0.842912 0.537635 0.0211629 95.4922 -0.0109721 -0.0221488 0.999694 0.733057
0.531301 -0.847159 -0.00644218 143.041 0.847033 0.531048 0.0228675 96.1716 -0.0159513 -0.0176063 0.999718 0.741827
0.526293 -0.850303 -0.000317725 143.467 0.85009 0.526152 0.0225946 96.8792 -0.0190451 -0.0121615 0.999745 0.698278
0.521784 -0.853025 0.00941588 143.897 0.852889 0.521869 0.0152665 97.5759 -0.0179366 6.48787e-05 0.999839 0.719617
0.516409 -0.856159 0.0177009 144.352 0.856246 0.51655 0.00426311 98.2791 -0.0127933 0.0129548 0.999834 0.755231
0.511056 -0.859397 0.0160384 144.765 0.859527 0.511084 -0.00265618 98.9651 -0.00591424 0.0151429 0.999868 0.721668
0.505146 -0.862932 0.0132574 145.215 0.863034 0.505078 -0.00832406 99.6753 0.000487086 0.0156464 0.999878 0.715536
0.49856 -0.866823 0.00751523 145.651 0.866849 0.498571 -0.000486291 100.438 -0.00332535 0.00675702 0.999972 0.722899
0.494821 -0.868934 0.0102997 146.061 0.868882 0.494913 0.0102164 101.204 -0.0139748 0.0038939 0.999895 0.746095
0.489944 -0.871648 0.013576 146.46 0.871436 0.490126 0.019367 101.967 -0.0235352 0.00234188 0.99972 0.716403
0.486008 -0.873745 0.0191237 146.883 0.873619 0.486311 0.0170689 102.717 -0.0242139 0.00841125 0.999671 0.673677
0.484566 -0.874605 0.0161637 147.287 0.874635 0.484723 0.00755744 103.441 -0.0144447 0.0104753 0.999841 0.717469
0.482894 -0.875667 0.00454627 147.642 0.875669 0.482906 0.00228613 104.201 -0.00419732 0.00287707 0.999987 0.712574
0.480947 -0.87675 -0.000535825 148.048 0.876749 0.480945 0.00141586 104.953 -0.000983651 -0.00115074 0.999999 0.706399
0.479281 -0.877659 0.0021356 148.463 0.877658 0.479285 0.00175371 105.692 -0.00256272 0.0010338 0.999996 0.716066
0.478873 -0.877858 0.00674067 148.884 0.877801 0.478919 0.0100505 106.434 -0.0120512 0.00110404 0.999927 0.680999
0.47776 -0.878454 0.00802285 149.281 0.878318 0.477828 0.015413 107.181 -0.0173732 -0.000317123 0.999849 0.655332
0.476508 -0.879106 0.0106418 149.682 0.878983 0.476621 0.0148446 107.939 -0.0181221 0.00228035 0.999833 0.624974
0.474839 -0.880026 0.0090256 150.056 0.879996 0.474908 0.00832863 108.688 -0.0116157 0.00398773 0.999925 0.640043
0.473956 -0.880536 0.00469293 150.48 0.880549 0.473949 -0.00243837 109.408 -7.71403e-05 0.00528803 0.999986 0.631756
0.472809 -0.881087 0.0116876 150.88 0.881151 0.472685 -0.011898 110.168 0.00495858 0.015924 0.999861 0.643547
0.471573 -0.881824 0.00250322 151.265 0.881826 0.471565 -0.00309269 110.937 0.00154678 0.00366583 0.999992 0.607724
0.470456 -0.882412 0.00446112 151.675 0.882397 0.470475 0.00541932 111.676 -0.00688092 0.00138693 0.999975 0.614037
0.468534 -0.883415 0.00730976 152.094 0.883382 0.468584 0.00811466 112.436 -0.0105938 0.00265531 0.99994 0.647527
0.468075 -0.883599 0.0126029 152.477 0.883653 0.468137 0.00239177 113.216 -0.00801324 0.010017 0.999918 0.672394
0.468466 -0.883419 0.0105186 152.858 0.883477 0.468468 -0.00241193 113.935 -0.00279688 0.0104229 0.999942 0.676504
0.467702 -0.883884 0.00168429 153.214 0.883883 0.467705 0.00193076 114.678 -0.00249432 0.000585692 0.999997 0.651964
0.467368 -0.88406 -0.00220099 153.601 0.884057 0.467354 0.004897 115.455 -0.0033006 -0.0042345 0.999986 0.642784
0.466557 -0.884491 -0.000402363 153.966 0.884463 0.466539 0.00822002 116.168 -0.00708281 -0.00419098 0.999966 0.671975
0.466008 -0.884772 0.0038003 154.327 0.884727 0.466023 0.00905462 116.929 -0.0097823 -0.000857303 0.999952 0.694347
0.465847 -0.884864 0.00175706 154.725 0.884806 0.465837 0.0107176 117.721 -0.0103021 -0.00343808 0.999941 0.714739
0.46513 -0.885242 0.000604955 155.103 0.885213 0.46512 0.00775058 118.391 -0.00714252 -0.00306951 0.99997 0.692322
0.464221 -0.885719 -0.000834377 155.449 0.885717 0.464217 0.00296512 119.11 -0.00223893 -0.00211549 0.999995 0.685321
0.463349 -0.88615 -0.00669929 155.834 0.886168 0.463301 0.0076297 119.858 -0.00365728 -0.00947192 0.999949 0.680359
0.461635 -0.887068 -0.001959 156.206 0.886992 0.461564 0.0142866 120.575 -0.011769 -0.00833282 0.999896 0.688002
0.459711 -0.888068 -0.00106129 156.612 0.88783 0.45956 0.0237129 121.33 -0.020571 -0.0118433 0.999718 0.670315
0.459695 -0.888045 0.00751092 156.946 0.887828 0.45975 0.0197882 121.919 -0.021026 -0.00242815 0.999776 0.681958
0.458999 -0.888389 0.0092056 157.288 0.888289 0.459087 0.0134753 122.622 -0.0161975 0.00199209 0.999867 0.697311
0.459331 -0.888181 0.0122214 157.637 0.888202 0.459419 0.00567334 123.3 -0.0106537 0.00824915 0.999909 0.705793
0.459773 -0.888014 0.00633932 157.954 0.888015 0.459799 0.00365538 123.941 -0.00616084 0.00394877 0.999973 0.702353
0.460517 -0.887635 0.00539887 158.301 0.88765 0.460516 -0.00150043 124.584 -0.00115443 0.00548329 0.999984 0.676872
0.463512 -0.886089 0.00141255 158.581 0.886087 0.463506 -0.00351564 125.164 0.00246045 0.00288118 0.999993 0.682658
0.466626 -0.884455 0.00019972 158.906 0.884454 0.466625 -0.00187031 125.756 0.00156101 0.00104938 0.999998 0.659102
0.47152 -0.881854 0.00150108 159.21 0.881853 0.471522 0.00148491 126.342 -0.00201726 0.000623566 0.999998 0.695297
0.476924 -0.87894 0.00285211 159.525 0.878883 0.476927 0.0102298 126.905 -0.0103516 -0.00237215 0.999944 0.708921
0.482497 -0.875884 0.00487198 159.834 0.875756 0.482512 0.0152617 127.541 -0.0157183 -0.00309708 0.999872 0.712649
0.487935 -0.872868 0.00455894 160.16 0.87277 0.487949 0.0133544 128.117 -0.0138812 -0.00253717 0.9999 0.690844
0.49383 -0.869556 0.00201836 160.479 0.86954 0.493833 0.00534737 128.651 -0.00564657 -0.000885642 0.999984 0.702861
0.50085 -0.865534 -0.000981127 160.8 0.865531 0.50085 -0.00220212 129.225 0.0023974 0.000253733 0.999997 0.695309
0.50725 -0.861747 -0.00945635 161.126 0.861772 0.50729 -0.002394 129.793 0.00686014 -0.00693486 0.999952 0.708922
0.513005 -0.858346 -0.008249 161.431 0.858374 0.513024 -9.90016e-05 130.322 0.00431691 -0.00702994 0.999966 0.71135
0.517623 -0.855575 -0.00757774 161.784 0.855609 0.517596 0.00535438 130.878 -0.000658868 -0.00925512 0.999957 0.717498
0.523115 -0.852261 0.00127181 162.128 0.852243 0.523112 0.00599705 131.448 -0.00577636 -0.00205325 0.999981 0.724766
0.52754 -0.849486 0.00864701 162.49 0.849496 0.527583 0.0035863 131.968 -0.00760852 0.00545368 0.999956 0.739289
